This file contains receptor locations
X_coordinate  Y_Coordinate  Z_Coordinate
----------------------------------------------
649500.000 5032575.000 1.500
649525.000 5032575.000 1.500
649400.000 5032550.000 1.500
649425.000 5032550.000 1.500
649450.000 5032550.000 1.500
649475.000 5032550.000 1.500
649500.000 5032550.000 1.500
649525.000 5032550.000 1.500
649550.000 5032550.000 1.500
649350.000 5032525.000 1.500
649375.000 5032525.000 1.500
649400.000 5032525.000 1.500
649425.000 5032525.000 1.500
649450.000 5032525.000 1.500
649475.000 5032525.000 1.500
649500.000 5032525.000 1.500
649525.000 5032525.000 1.500
649550.000 5032525.000 1.500
649275.000 5032500.000 1.500
649300.000 5032500.000 1.500
649325.000 5032500.000 1.500
649350.000 5032500.000 1.500
649375.000 5032500.000 1.500
649400.000 5032500.000 1.500
649425.000 5032500.000 1.500
649450.000 5032500.000 1.500
649475.000 5032500.000 1.500
649500.000 5032500.000 1.500
649525.000 5032500.000 1.500
649550.000 5032500.000 1.500
649225.000 5032475.000 1.500
649250.000 5032475.000 1.500
649275.000 5032475.000 1.500
649300.000 5032475.000 1.500
649325.000 5032475.000 1.500
649350.000 5032475.000 1.500
649375.000 5032475.000 1.500
649400.000 5032475.000 1.500
649425.000 5032475.000 1.500
649450.000 5032475.000 1.500
649475.000 5032475.000 1.500
649500.000 5032475.000 1.500
649525.000 5032475.000 1.500
649550.000 5032475.000 1.500
649575.000 5032475.000 1.500
649150.000 5032450.000 1.500
649175.000 5032450.000 1.500
649200.000 5032450.000 1.500
649225.000 5032450.000 1.500
649250.000 5032450.000 1.500
649275.000 5032450.000 1.500
649300.000 5032450.000 1.500
649325.000 5032450.000 1.500
649350.000 5032450.000 1.500
649375.000 5032450.000 1.500
649400.000 5032450.000 1.500
649425.000 5032450.000 1.500
649450.000 5032450.000 1.500
649475.000 5032450.000 1.500
649500.000 5032450.000 1.500
649525.000 5032450.000 1.500
649550.000 5032450.000 1.500
649575.000 5032450.000 1.500
649075.000 5032425.000 1.500
649100.000 5032425.000 1.500
649125.000 5032425.000 1.500
649150.000 5032425.000 1.500
649175.000 5032425.000 1.500
649200.000 5032425.000 1.500
649225.000 5032425.000 1.500
649250.000 5032425.000 1.500
649275.000 5032425.000 1.500
649300.000 5032425.000 1.500
649325.000 5032425.000 1.500
649350.000 5032425.000 1.500
649375.000 5032425.000 1.500
649400.000 5032425.000 1.500
649425.000 5032425.000 1.500
649450.000 5032425.000 1.500
649475.000 5032425.000 1.500
649500.000 5032425.000 1.500
649525.000 5032425.000 1.500
649550.000 5032425.000 1.500
649575.000 5032425.000 1.500
649025.000 5032400.000 1.500
649050.000 5032400.000 1.500
649075.000 5032400.000 1.500
649100.000 5032400.000 1.500
649125.000 5032400.000 1.500
649150.000 5032400.000 1.500
649175.000 5032400.000 1.500
649200.000 5032400.000 1.500
649225.000 5032400.000 1.500
649250.000 5032400.000 1.500
649275.000 5032400.000 1.500
649300.000 5032400.000 1.500
649325.000 5032400.000 1.500
649350.000 5032400.000 1.500
649375.000 5032400.000 1.500
649400.000 5032400.000 1.500
649425.000 5032400.000 1.500
649450.000 5032400.000 1.500
649475.000 5032400.000 1.500
649500.000 5032400.000 1.500
649525.000 5032400.000 1.500
649550.000 5032400.000 1.500
649575.000 5032400.000 1.500
649600.000 5032400.000 1.500
649000.000 5032375.000 1.500
649025.000 5032375.000 1.500
649050.000 5032375.000 1.500
649075.000 5032375.000 1.500
649100.000 5032375.000 1.500
649125.000 5032375.000 1.500
649150.000 5032375.000 1.500
649175.000 5032375.000 1.500
649200.000 5032375.000 1.500
649225.000 5032375.000 1.500
649250.000 5032375.000 1.500
649275.000 5032375.000 1.500
649300.000 5032375.000 1.500
649325.000 5032375.000 1.500
649350.000 5032375.000 1.500
649375.000 5032375.000 1.500
649400.000 5032375.000 1.500
649425.000 5032375.000 1.500
649450.000 5032375.000 1.500
649475.000 5032375.000 1.500
649500.000 5032375.000 1.500
649525.000 5032375.000 1.500
649550.000 5032375.000 1.500
649575.000 5032375.000 1.500
649600.000 5032375.000 1.500
649000.000 5032350.000 1.500
649025.000 5032350.000 1.500
649050.000 5032350.000 1.500
649075.000 5032350.000 1.500
649100.000 5032350.000 1.500
649125.000 5032350.000 1.500
649150.000 5032350.000 1.500
649175.000 5032350.000 1.500
649200.000 5032350.000 1.500
649225.000 5032350.000 1.500
649250.000 5032350.000 1.500
649275.000 5032350.000 1.500
649300.000 5032350.000 1.500
649325.000 5032350.000 1.500
649350.000 5032350.000 1.500
649375.000 5032350.000 1.500
649400.000 5032350.000 1.500
649425.000 5032350.000 1.500
649450.000 5032350.000 1.500
649475.000 5032350.000 1.500
649500.000 5032350.000 1.500
649525.000 5032350.000 1.500
649550.000 5032350.000 1.500
649575.000 5032350.000 1.500
649600.000 5032350.000 1.500
649625.000 5032350.000 1.500
649000.000 5032325.000 1.500
649025.000 5032325.000 1.500
649050.000 5032325.000 1.500
649075.000 5032325.000 1.500
649100.000 5032325.000 1.500
649125.000 5032325.000 1.500
649150.000 5032325.000 1.500
649175.000 5032325.000 1.500
649200.000 5032325.000 1.500
649225.000 5032325.000 1.500
649250.000 5032325.000 1.500
649275.000 5032325.000 1.500
649300.000 5032325.000 1.500
649325.000 5032325.000 1.500
649350.000 5032325.000 1.500
649375.000 5032325.000 1.500
649400.000 5032325.000 1.500
649425.000 5032325.000 1.500
649450.000 5032325.000 1.500
649475.000 5032325.000 1.500
649500.000 5032325.000 1.500
649525.000 5032325.000 1.500
649550.000 5032325.000 1.500
649575.000 5032325.000 1.500
649600.000 5032325.000 1.500
649625.000 5032325.000 1.500
649025.000 5032300.000 1.500
649050.000 5032300.000 1.500
649075.000 5032300.000 1.500
649100.000 5032300.000 1.500
649125.000 5032300.000 1.500
649150.000 5032300.000 1.500
649175.000 5032300.000 1.500
649200.000 5032300.000 1.500
649225.000 5032300.000 1.500
649250.000 5032300.000 1.500
649275.000 5032300.000 1.500
649300.000 5032300.000 1.500
649325.000 5032300.000 1.500
649350.000 5032300.000 1.500
649375.000 5032300.000 1.500
649400.000 5032300.000 1.500
649425.000 5032300.000 1.500
649450.000 5032300.000 1.500
649475.000 5032300.000 1.500
649500.000 5032300.000 1.500
649525.000 5032300.000 1.500
649550.000 5032300.000 1.500
649575.000 5032300.000 1.500
649600.000 5032300.000 1.500
649625.000 5032300.000 1.500
649025.000 5032275.000 1.500
649050.000 5032275.000 1.500
649075.000 5032275.000 1.500
649100.000 5032275.000 1.500
649125.000 5032275.000 1.500
649150.000 5032275.000 1.500
649175.000 5032275.000 1.500
649200.000 5032275.000 1.500
649225.000 5032275.000 1.500
649250.000 5032275.000 1.500
649275.000 5032275.000 1.500
649300.000 5032275.000 1.500
649325.000 5032275.000 1.500
649350.000 5032275.000 1.500
649375.000 5032275.000 1.500
649400.000 5032275.000 1.500
649425.000 5032275.000 1.500
649450.000 5032275.000 1.500
649475.000 5032275.000 1.500
649500.000 5032275.000 1.500
649525.000 5032275.000 1.500
649550.000 5032275.000 1.500
649575.000 5032275.000 1.500
649600.000 5032275.000 1.500
649625.000 5032275.000 1.500
649650.000 5032275.000 1.500
649025.000 5032250.000 1.500
649050.000 5032250.000 1.500
649075.000 5032250.000 1.500
649100.000 5032250.000 1.500
649125.000 5032250.000 1.500
649150.000 5032250.000 1.500
649175.000 5032250.000 1.500
649200.000 5032250.000 1.500
649225.000 5032250.000 1.500
649250.000 5032250.000 1.500
649275.000 5032250.000 1.500
649300.000 5032250.000 1.500
649325.000 5032250.000 1.500
649350.000 5032250.000 1.500
649375.000 5032250.000 1.500
649400.000 5032250.000 1.500
649425.000 5032250.000 1.500
649450.000 5032250.000 1.500
649475.000 5032250.000 1.500
649500.000 5032250.000 1.500
649525.000 5032250.000 1.500
649550.000 5032250.000 1.500
649575.000 5032250.000 1.500
649600.000 5032250.000 1.500
649625.000 5032250.000 1.500
649650.000 5032250.000 1.500
649050.000 5032225.000 1.500
649075.000 5032225.000 1.500
649100.000 5032225.000 1.500
649125.000 5032225.000 1.500
649150.000 5032225.000 1.500
649175.000 5032225.000 1.500
649200.000 5032225.000 1.500
649225.000 5032225.000 1.500
649250.000 5032225.000 1.500
649275.000 5032225.000 1.500
649300.000 5032225.000 1.500
649325.000 5032225.000 1.500
649350.000 5032225.000 1.500
649375.000 5032225.000 1.500
649400.000 5032225.000 1.500
649425.000 5032225.000 1.500
649450.000 5032225.000 1.500
649475.000 5032225.000 1.500
649500.000 5032225.000 1.500
649525.000 5032225.000 1.500
649550.000 5032225.000 1.500
649575.000 5032225.000 1.500
649600.000 5032225.000 1.500
649625.000 5032225.000 1.500
649650.000 5032225.000 1.500
649050.000 5032200.000 1.500
649075.000 5032200.000 1.500
649100.000 5032200.000 1.500
649125.000 5032200.000 1.500
649150.000 5032200.000 1.500
649175.000 5032200.000 1.500
649200.000 5032200.000 1.500
649225.000 5032200.000 1.500
649250.000 5032200.000 1.500
649275.000 5032200.000 1.500
649300.000 5032200.000 1.500
649325.000 5032200.000 1.500
649350.000 5032200.000 1.500
649375.000 5032200.000 1.500
649400.000 5032200.000 1.500
649425.000 5032200.000 1.500
649450.000 5032200.000 1.500
649475.000 5032200.000 1.500
649500.000 5032200.000 1.500
649525.000 5032200.000 1.500
649550.000 5032200.000 1.500
649575.000 5032200.000 1.500
649600.000 5032200.000 1.500
649625.000 5032200.000 1.500
649650.000 5032200.000 1.500
649675.000 5032200.000 1.500
649075.000 5032175.000 1.500
649100.000 5032175.000 1.500
649125.000 5032175.000 1.500
649150.000 5032175.000 1.500
649175.000 5032175.000 1.500
649200.000 5032175.000 1.500
649225.000 5032175.000 1.500
649250.000 5032175.000 1.500
649275.000 5032175.000 1.500
649300.000 5032175.000 1.500
649325.000 5032175.000 1.500
649350.000 5032175.000 1.500
649375.000 5032175.000 1.500
649400.000 5032175.000 1.500
649425.000 5032175.000 1.500
649450.000 5032175.000 1.500
649475.000 5032175.000 1.500
649500.000 5032175.000 1.500
649525.000 5032175.000 1.500
649550.000 5032175.000 1.500
649575.000 5032175.000 1.500
649600.000 5032175.000 1.500
649625.000 5032175.000 1.500
649650.000 5032175.000 1.500
649675.000 5032175.000 1.500
649075.000 5032150.000 1.500
649100.000 5032150.000 1.500
649125.000 5032150.000 1.500
649150.000 5032150.000 1.500
649175.000 5032150.000 1.500
649200.000 5032150.000 1.500
649225.000 5032150.000 1.500
649250.000 5032150.000 1.500
649275.000 5032150.000 1.500
649300.000 5032150.000 1.500
649325.000 5032150.000 1.500
649350.000 5032150.000 1.500
649375.000 5032150.000 1.500
649400.000 5032150.000 1.500
649425.000 5032150.000 1.500
649450.000 5032150.000 1.500
649475.000 5032150.000 1.500
649500.000 5032150.000 1.500
649525.000 5032150.000 1.500
649550.000 5032150.000 1.500
649575.000 5032150.000 1.500
649600.000 5032150.000 1.500
649625.000 5032150.000 1.500
649650.000 5032150.000 1.500
649675.000 5032150.000 1.500
649075.000 5032125.000 1.500
649100.000 5032125.000 1.500
649125.000 5032125.000 1.500
649150.000 5032125.000 1.500
649175.000 5032125.000 1.500
649200.000 5032125.000 1.500
649225.000 5032125.000 1.500
649250.000 5032125.000 1.500
649275.000 5032125.000 1.500
649300.000 5032125.000 1.500
649325.000 5032125.000 1.500
649350.000 5032125.000 1.500
649375.000 5032125.000 1.500
649400.000 5032125.000 1.500
649425.000 5032125.000 1.500
649450.000 5032125.000 1.500
649475.000 5032125.000 1.500
649500.000 5032125.000 1.500
649525.000 5032125.000 1.500
649550.000 5032125.000 1.500
649575.000 5032125.000 1.500
649600.000 5032125.000 1.500
649625.000 5032125.000 1.500
649650.000 5032125.000 1.500
649675.000 5032125.000 1.500
649700.000 5032125.000 1.500
649100.000 5032100.000 1.500
649125.000 5032100.000 1.500
649150.000 5032100.000 1.500
649175.000 5032100.000 1.500
649200.000 5032100.000 1.500
649225.000 5032100.000 1.500
649250.000 5032100.000 1.500
649275.000 5032100.000 1.500
649300.000 5032100.000 1.500
649325.000 5032100.000 1.500
649350.000 5032100.000 1.500
649375.000 5032100.000 1.500
649400.000 5032100.000 1.500
649425.000 5032100.000 1.500
649450.000 5032100.000 1.500
649475.000 5032100.000 1.500
649500.000 5032100.000 1.500
649525.000 5032100.000 1.500
649550.000 5032100.000 1.500
649575.000 5032100.000 1.500
649600.000 5032100.000 1.500
649625.000 5032100.000 1.500
649650.000 5032100.000 1.500
649675.000 5032100.000 1.500
649700.000 5032100.000 1.500
649100.000 5032075.000 1.500
649125.000 5032075.000 1.500
649150.000 5032075.000 1.500
649175.000 5032075.000 1.500
649200.000 5032075.000 1.500
649225.000 5032075.000 1.500
649250.000 5032075.000 1.500
649275.000 5032075.000 1.500
649300.000 5032075.000 1.500
649325.000 5032075.000 1.500
649350.000 5032075.000 1.500
649375.000 5032075.000 1.500
649400.000 5032075.000 1.500
649425.000 5032075.000 1.500
649450.000 5032075.000 1.500
649475.000 5032075.000 1.500
649500.000 5032075.000 1.500
649525.000 5032075.000 1.500
649550.000 5032075.000 1.500
649575.000 5032075.000 1.500
649600.000 5032075.000 1.500
649625.000 5032075.000 1.500
649650.000 5032075.000 1.500
649675.000 5032075.000 1.500
649700.000 5032075.000 1.500
649725.000 5032075.000 1.500
649100.000 5032050.000 1.500
649125.000 5032050.000 1.500
649150.000 5032050.000 1.500
649175.000 5032050.000 1.500
649200.000 5032050.000 1.500
649225.000 5032050.000 1.500
649250.000 5032050.000 1.500
649275.000 5032050.000 1.500
649300.000 5032050.000 1.500
649325.000 5032050.000 1.500
649350.000 5032050.000 1.500
649375.000 5032050.000 1.500
649400.000 5032050.000 1.500
649425.000 5032050.000 1.500
649450.000 5032050.000 1.500
649475.000 5032050.000 1.500
649500.000 5032050.000 1.500
649525.000 5032050.000 1.500
649550.000 5032050.000 1.500
649575.000 5032050.000 1.500
649600.000 5032050.000 1.500
649625.000 5032050.000 1.500
649650.000 5032050.000 1.500
649675.000 5032050.000 1.500
649700.000 5032050.000 1.500
649725.000 5032050.000 1.500
649125.000 5032025.000 1.500
649150.000 5032025.000 1.500
649175.000 5032025.000 1.500
649200.000 5032025.000 1.500
649225.000 5032025.000 1.500
649250.000 5032025.000 1.500
649275.000 5032025.000 1.500
649300.000 5032025.000 1.500
649325.000 5032025.000 1.500
649350.000 5032025.000 1.500
649375.000 5032025.000 1.500
649400.000 5032025.000 1.500
649425.000 5032025.000 1.500
649450.000 5032025.000 1.500
649475.000 5032025.000 1.500
649500.000 5032025.000 1.500
649525.000 5032025.000 1.500
649550.000 5032025.000 1.500
649575.000 5032025.000 1.500
649600.000 5032025.000 1.500
649625.000 5032025.000 1.500
649650.000 5032025.000 1.500
649675.000 5032025.000 1.500
649700.000 5032025.000 1.500
649725.000 5032025.000 1.500
649125.000 5032000.000 1.500
649150.000 5032000.000 1.500
649175.000 5032000.000 1.500
649200.000 5032000.000 1.500
649225.000 5032000.000 1.500
649250.000 5032000.000 1.500
649275.000 5032000.000 1.500
649300.000 5032000.000 1.500
649325.000 5032000.000 1.500
649350.000 5032000.000 1.500
649375.000 5032000.000 1.500
649400.000 5032000.000 1.500
649425.000 5032000.000 1.500
649450.000 5032000.000 1.500
649475.000 5032000.000 1.500
649500.000 5032000.000 1.500
649525.000 5032000.000 1.500
649550.000 5032000.000 1.500
649575.000 5032000.000 1.500
649600.000 5032000.000 1.500
649625.000 5032000.000 1.500
649650.000 5032000.000 1.500
649675.000 5032000.000 1.500
649700.000 5032000.000 1.500
649725.000 5032000.000 1.500
649750.000 5032000.000 1.500
649125.000 5031975.000 1.500
649150.000 5031975.000 1.500
649175.000 5031975.000 1.500
649200.000 5031975.000 1.500
649225.000 5031975.000 1.500
649250.000 5031975.000 1.500
649275.000 5031975.000 1.500
649300.000 5031975.000 1.500
649325.000 5031975.000 1.500
649350.000 5031975.000 1.500
649375.000 5031975.000 1.500
649400.000 5031975.000 1.500
649425.000 5031975.000 1.500
649450.000 5031975.000 1.500
649475.000 5031975.000 1.500
649500.000 5031975.000 1.500
649525.000 5031975.000 1.500
649550.000 5031975.000 1.500
649575.000 5031975.000 1.500
649600.000 5031975.000 1.500
649625.000 5031975.000 1.500
649650.000 5031975.000 1.500
649675.000 5031975.000 1.500
649700.000 5031975.000 1.500
649725.000 5031975.000 1.500
649750.000 5031975.000 1.500
649150.000 5031950.000 1.500
649175.000 5031950.000 1.500
649200.000 5031950.000 1.500
649225.000 5031950.000 1.500
649250.000 5031950.000 1.500
649275.000 5031950.000 1.500
649300.000 5031950.000 1.500
649325.000 5031950.000 1.500
649350.000 5031950.000 1.500
649375.000 5031950.000 1.500
649400.000 5031950.000 1.500
649425.000 5031950.000 1.500
649450.000 5031950.000 1.500
649475.000 5031950.000 1.500
649500.000 5031950.000 1.500
649525.000 5031950.000 1.500
649550.000 5031950.000 1.500
649575.000 5031950.000 1.500
649600.000 5031950.000 1.500
649625.000 5031950.000 1.500
649650.000 5031950.000 1.500
649675.000 5031950.000 1.500
649700.000 5031950.000 1.500
649725.000 5031950.000 1.500
649750.000 5031950.000 1.500
649150.000 5031925.000 1.500
649175.000 5031925.000 1.500
649200.000 5031925.000 1.500
649225.000 5031925.000 1.500
649250.000 5031925.000 1.500
649275.000 5031925.000 1.500
649300.000 5031925.000 1.500
649325.000 5031925.000 1.500
649350.000 5031925.000 1.500
649375.000 5031925.000 1.500
649400.000 5031925.000 1.500
649425.000 5031925.000 1.500
649450.000 5031925.000 1.500
649475.000 5031925.000 1.500
649500.000 5031925.000 1.500
649525.000 5031925.000 1.500
649550.000 5031925.000 1.500
649575.000 5031925.000 1.500
649600.000 5031925.000 1.500
649625.000 5031925.000 1.500
649650.000 5031925.000 1.500
649675.000 5031925.000 1.500
649700.000 5031925.000 1.500
649725.000 5031925.000 1.500
649750.000 5031925.000 1.500
649775.000 5031925.000 1.500
649175.000 5031900.000 1.500
649200.000 5031900.000 1.500
649225.000 5031900.000 1.500
649250.000 5031900.000 1.500
649275.000 5031900.000 1.500
649300.000 5031900.000 1.500
649325.000 5031900.000 1.500
649350.000 5031900.000 1.500
649375.000 5031900.000 1.500
649400.000 5031900.000 1.500
649425.000 5031900.000 1.500
649450.000 5031900.000 1.500
649475.000 5031900.000 1.500
649500.000 5031900.000 1.500
649525.000 5031900.000 1.500
649550.000 5031900.000 1.500
649575.000 5031900.000 1.500
649600.000 5031900.000 1.500
649625.000 5031900.000 1.500
649650.000 5031900.000 1.500
649675.000 5031900.000 1.500
649700.000 5031900.000 1.500
649725.000 5031900.000 1.500
649750.000 5031900.000 1.500
649775.000 5031900.000 1.500
649175.000 5031875.000 1.500
649200.000 5031875.000 1.500
649225.000 5031875.000 1.500
649250.000 5031875.000 1.500
649275.000 5031875.000 1.500
649300.000 5031875.000 1.500
649325.000 5031875.000 1.500
649350.000 5031875.000 1.500
649375.000 5031875.000 1.500
649400.000 5031875.000 1.500
649425.000 5031875.000 1.500
649450.000 5031875.000 1.500
649475.000 5031875.000 1.500
649500.000 5031875.000 1.500
649525.000 5031875.000 1.500
649550.000 5031875.000 1.500
649575.000 5031875.000 1.500
649600.000 5031875.000 1.500
649625.000 5031875.000 1.500
649650.000 5031875.000 1.500
649675.000 5031875.000 1.500
649700.000 5031875.000 1.500
649725.000 5031875.000 1.500
649750.000 5031875.000 1.500
649775.000 5031875.000 1.500
649800.000 5031875.000 1.500
649175.000 5031850.000 1.500
649200.000 5031850.000 1.500
649225.000 5031850.000 1.500
649250.000 5031850.000 1.500
649275.000 5031850.000 1.500
649300.000 5031850.000 1.500
649325.000 5031850.000 1.500
649350.000 5031850.000 1.500
649375.000 5031850.000 1.500
649400.000 5031850.000 1.500
649425.000 5031850.000 1.500
649450.000 5031850.000 1.500
649475.000 5031850.000 1.500
649500.000 5031850.000 1.500
649525.000 5031850.000 1.500
649550.000 5031850.000 1.500
649575.000 5031850.000 1.500
649600.000 5031850.000 1.500
649625.000 5031850.000 1.500
649650.000 5031850.000 1.500
649675.000 5031850.000 1.500
649700.000 5031850.000 1.500
649725.000 5031850.000 1.500
649750.000 5031850.000 1.500
649775.000 5031850.000 1.500
649800.000 5031850.000 1.500
649200.000 5031825.000 1.500
649225.000 5031825.000 1.500
649250.000 5031825.000 1.500
649275.000 5031825.000 1.500
649300.000 5031825.000 1.500
649325.000 5031825.000 1.500
649350.000 5031825.000 1.500
649375.000 5031825.000 1.500
649400.000 5031825.000 1.500
649425.000 5031825.000 1.500
649450.000 5031825.000 1.500
649475.000 5031825.000 1.500
649500.000 5031825.000 1.500
649525.000 5031825.000 1.500
649550.000 5031825.000 1.500
649575.000 5031825.000 1.500
649600.000 5031825.000 1.500
649625.000 5031825.000 1.500
649650.000 5031825.000 1.500
649675.000 5031825.000 1.500
649700.000 5031825.000 1.500
649725.000 5031825.000 1.500
649750.000 5031825.000 1.500
649775.000 5031825.000 1.500
649800.000 5031825.000 1.500
649200.000 5031800.000 1.500
649225.000 5031800.000 1.500
649250.000 5031800.000 1.500
649275.000 5031800.000 1.500
649300.000 5031800.000 1.500
649325.000 5031800.000 1.500
649350.000 5031800.000 1.500
649375.000 5031800.000 1.500
649400.000 5031800.000 1.500
649425.000 5031800.000 1.500
649450.000 5031800.000 1.500
649475.000 5031800.000 1.500
649500.000 5031800.000 1.500
649525.000 5031800.000 1.500
649550.000 5031800.000 1.500
649575.000 5031800.000 1.500
649600.000 5031800.000 1.500
649625.000 5031800.000 1.500
649650.000 5031800.000 1.500
649675.000 5031800.000 1.500
649700.000 5031800.000 1.500
649725.000 5031800.000 1.500
649750.000 5031800.000 1.500
649775.000 5031800.000 1.500
649800.000 5031800.000 1.500
649825.000 5031800.000 1.500
649200.000 5031775.000 1.500
649225.000 5031775.000 1.500
649250.000 5031775.000 1.500
649275.000 5031775.000 1.500
649300.000 5031775.000 1.500
649325.000 5031775.000 1.500
649350.000 5031775.000 1.500
649375.000 5031775.000 1.500
649400.000 5031775.000 1.500
649425.000 5031775.000 1.500
649450.000 5031775.000 1.500
649475.000 5031775.000 1.500
649500.000 5031775.000 1.500
649525.000 5031775.000 1.500
649550.000 5031775.000 1.500
649575.000 5031775.000 1.500
649600.000 5031775.000 1.500
649625.000 5031775.000 1.500
649650.000 5031775.000 1.500
649675.000 5031775.000 1.500
649700.000 5031775.000 1.500
649725.000 5031775.000 1.500
649750.000 5031775.000 1.500
649775.000 5031775.000 1.500
649800.000 5031775.000 1.500
649825.000 5031775.000 1.500
649225.000 5031750.000 1.500
649250.000 5031750.000 1.500
649275.000 5031750.000 1.500
649300.000 5031750.000 1.500
649325.000 5031750.000 1.500
649350.000 5031750.000 1.500
649375.000 5031750.000 1.500
649400.000 5031750.000 1.500
649425.000 5031750.000 1.500
649450.000 5031750.000 1.500
649475.000 5031750.000 1.500
649500.000 5031750.000 1.500
649525.000 5031750.000 1.500
649550.000 5031750.000 1.500
649575.000 5031750.000 1.500
649600.000 5031750.000 1.500
649625.000 5031750.000 1.500
649650.000 5031750.000 1.500
649675.000 5031750.000 1.500
649700.000 5031750.000 1.500
649725.000 5031750.000 1.500
649750.000 5031750.000 1.500
649775.000 5031750.000 1.500
649800.000 5031750.000 1.500
649825.000 5031750.000 1.500
649225.000 5031725.000 1.500
649250.000 5031725.000 1.500
649275.000 5031725.000 1.500
649300.000 5031725.000 1.500
649325.000 5031725.000 1.500
649350.000 5031725.000 1.500
649375.000 5031725.000 1.500
649400.000 5031725.000 1.500
649425.000 5031725.000 1.500
649450.000 5031725.000 1.500
649475.000 5031725.000 1.500
649500.000 5031725.000 1.500
649525.000 5031725.000 1.500
649550.000 5031725.000 1.500
649575.000 5031725.000 1.500
649600.000 5031725.000 1.500
649625.000 5031725.000 1.500
649650.000 5031725.000 1.500
649675.000 5031725.000 1.500
649700.000 5031725.000 1.500
649725.000 5031725.000 1.500
649750.000 5031725.000 1.500
649775.000 5031725.000 1.500
649800.000 5031725.000 1.500
649825.000 5031725.000 1.500
649850.000 5031725.000 1.500
649250.000 5031700.000 1.500
649275.000 5031700.000 1.500
649300.000 5031700.000 1.500
649325.000 5031700.000 1.500
649350.000 5031700.000 1.500
649375.000 5031700.000 1.500
649400.000 5031700.000 1.500
649425.000 5031700.000 1.500
649450.000 5031700.000 1.500
649475.000 5031700.000 1.500
649500.000 5031700.000 1.500
649525.000 5031700.000 1.500
649550.000 5031700.000 1.500
649575.000 5031700.000 1.500
649600.000 5031700.000 1.500
649625.000 5031700.000 1.500
649650.000 5031700.000 1.500
649675.000 5031700.000 1.500
649700.000 5031700.000 1.500
649725.000 5031700.000 1.500
649750.000 5031700.000 1.500
649775.000 5031700.000 1.500
649800.000 5031700.000 1.500
649825.000 5031700.000 1.500
649850.000 5031700.000 1.500
649250.000 5031675.000 1.500
649275.000 5031675.000 1.500
649300.000 5031675.000 1.500
649325.000 5031675.000 1.500
649350.000 5031675.000 1.500
649375.000 5031675.000 1.500
649400.000 5031675.000 1.500
649425.000 5031675.000 1.500
649450.000 5031675.000 1.500
649475.000 5031675.000 1.500
649500.000 5031675.000 1.500
649525.000 5031675.000 1.500
649550.000 5031675.000 1.500
649575.000 5031675.000 1.500
649600.000 5031675.000 1.500
649625.000 5031675.000 1.500
649650.000 5031675.000 1.500
649675.000 5031675.000 1.500
649700.000 5031675.000 1.500
649725.000 5031675.000 1.500
649750.000 5031675.000 1.500
649775.000 5031675.000 1.500
649800.000 5031675.000 1.500
649825.000 5031675.000 1.500
649850.000 5031675.000 1.500
649250.000 5031650.000 1.500
649275.000 5031650.000 1.500
649300.000 5031650.000 1.500
649325.000 5031650.000 1.500
649350.000 5031650.000 1.500
649375.000 5031650.000 1.500
649400.000 5031650.000 1.500
649425.000 5031650.000 1.500
649450.000 5031650.000 1.500
649475.000 5031650.000 1.500
649500.000 5031650.000 1.500
649525.000 5031650.000 1.500
649550.000 5031650.000 1.500
649575.000 5031650.000 1.500
649600.000 5031650.000 1.500
649625.000 5031650.000 1.500
649650.000 5031650.000 1.500
649675.000 5031650.000 1.500
649700.000 5031650.000 1.500
649725.000 5031650.000 1.500
649750.000 5031650.000 1.500
649775.000 5031650.000 1.500
649800.000 5031650.000 1.500
649825.000 5031650.000 1.500
649850.000 5031650.000 1.500
649875.000 5031650.000 1.500
649275.000 5031625.000 1.500
649300.000 5031625.000 1.500
649325.000 5031625.000 1.500
649350.000 5031625.000 1.500
649375.000 5031625.000 1.500
649400.000 5031625.000 1.500
649425.000 5031625.000 1.500
649450.000 5031625.000 1.500
649475.000 5031625.000 1.500
649500.000 5031625.000 1.500
649525.000 5031625.000 1.500
649550.000 5031625.000 1.500
649575.000 5031625.000 1.500
649600.000 5031625.000 1.500
649625.000 5031625.000 1.500
649650.000 5031625.000 1.500
649675.000 5031625.000 1.500
649700.000 5031625.000 1.500
649725.000 5031625.000 1.500
649750.000 5031625.000 1.500
649775.000 5031625.000 1.500
649800.000 5031625.000 1.500
649825.000 5031625.000 1.500
649850.000 5031625.000 1.500
649875.000 5031625.000 1.500
649275.000 5031600.000 1.500
649300.000 5031600.000 1.500
649325.000 5031600.000 1.500
649350.000 5031600.000 1.500
649375.000 5031600.000 1.500
649400.000 5031600.000 1.500
649425.000 5031600.000 1.500
649450.000 5031600.000 1.500
649475.000 5031600.000 1.500
649500.000 5031600.000 1.500
649525.000 5031600.000 1.500
649550.000 5031600.000 1.500
649575.000 5031600.000 1.500
649600.000 5031600.000 1.500
649625.000 5031600.000 1.500
649650.000 5031600.000 1.500
649675.000 5031600.000 1.500
649700.000 5031600.000 1.500
649725.000 5031600.000 1.500
649750.000 5031600.000 1.500
649775.000 5031600.000 1.500
649800.000 5031600.000 1.500
649825.000 5031600.000 1.500
649850.000 5031600.000 1.500
649875.000 5031600.000 1.500
649900.000 5031600.000 1.500
649275.000 5031575.000 1.500
649300.000 5031575.000 1.500
649325.000 5031575.000 1.500
649350.000 5031575.000 1.500
649375.000 5031575.000 1.500
649400.000 5031575.000 1.500
649425.000 5031575.000 1.500
649450.000 5031575.000 1.500
649475.000 5031575.000 1.500
649500.000 5031575.000 1.500
649525.000 5031575.000 1.500
649550.000 5031575.000 1.500
649575.000 5031575.000 1.500
649600.000 5031575.000 1.500
649625.000 5031575.000 1.500
649650.000 5031575.000 1.500
649675.000 5031575.000 1.500
649700.000 5031575.000 1.500
649725.000 5031575.000 1.500
649750.000 5031575.000 1.500
649775.000 5031575.000 1.500
649800.000 5031575.000 1.500
649825.000 5031575.000 1.500
649850.000 5031575.000 1.500
649875.000 5031575.000 1.500
649900.000 5031575.000 1.500
649300.000 5031550.000 1.500
649325.000 5031550.000 1.500
649350.000 5031550.000 1.500
649375.000 5031550.000 1.500
649400.000 5031550.000 1.500
649425.000 5031550.000 1.500
649450.000 5031550.000 1.500
649475.000 5031550.000 1.500
649500.000 5031550.000 1.500
649525.000 5031550.000 1.500
649550.000 5031550.000 1.500
649575.000 5031550.000 1.500
649600.000 5031550.000 1.500
649625.000 5031550.000 1.500
649650.000 5031550.000 1.500
649675.000 5031550.000 1.500
649700.000 5031550.000 1.500
649725.000 5031550.000 1.500
649750.000 5031550.000 1.500
649775.000 5031550.000 1.500
649800.000 5031550.000 1.500
649825.000 5031550.000 1.500
649850.000 5031550.000 1.500
649875.000 5031550.000 1.500
649900.000 5031550.000 1.500
649300.000 5031525.000 1.500
649325.000 5031525.000 1.500
649350.000 5031525.000 1.500
649375.000 5031525.000 1.500
649400.000 5031525.000 1.500
649425.000 5031525.000 1.500
649450.000 5031525.000 1.500
649475.000 5031525.000 1.500
649500.000 5031525.000 1.500
649525.000 5031525.000 1.500
649550.000 5031525.000 1.500
649575.000 5031525.000 1.500
649600.000 5031525.000 1.500
649625.000 5031525.000 1.500
649650.000 5031525.000 1.500
649675.000 5031525.000 1.500
649700.000 5031525.000 1.500
649725.000 5031525.000 1.500
649750.000 5031525.000 1.500
649775.000 5031525.000 1.500
649800.000 5031525.000 1.500
649825.000 5031525.000 1.500
649850.000 5031525.000 1.500
649875.000 5031525.000 1.500
649900.000 5031525.000 1.500
649925.000 5031525.000 1.500
649300.000 5031500.000 1.500
649325.000 5031500.000 1.500
649350.000 5031500.000 1.500
649375.000 5031500.000 1.500
649400.000 5031500.000 1.500
649425.000 5031500.000 1.500
649450.000 5031500.000 1.500
649475.000 5031500.000 1.500
649500.000 5031500.000 1.500
649525.000 5031500.000 1.500
649550.000 5031500.000 1.500
649575.000 5031500.000 1.500
649600.000 5031500.000 1.500
649625.000 5031500.000 1.500
649650.000 5031500.000 1.500
649675.000 5031500.000 1.500
649700.000 5031500.000 1.500
649725.000 5031500.000 1.500
649750.000 5031500.000 1.500
649775.000 5031500.000 1.500
649800.000 5031500.000 1.500
649825.000 5031500.000 1.500
649850.000 5031500.000 1.500
649875.000 5031500.000 1.500
649900.000 5031500.000 1.500
649925.000 5031500.000 1.500
649325.000 5031475.000 1.500
649350.000 5031475.000 1.500
649375.000 5031475.000 1.500
649400.000 5031475.000 1.500
649425.000 5031475.000 1.500
649450.000 5031475.000 1.500
649475.000 5031475.000 1.500
649500.000 5031475.000 1.500
649525.000 5031475.000 1.500
649550.000 5031475.000 1.500
649575.000 5031475.000 1.500
649600.000 5031475.000 1.500
649625.000 5031475.000 1.500
649650.000 5031475.000 1.500
649675.000 5031475.000 1.500
649700.000 5031475.000 1.500
649725.000 5031475.000 1.500
649750.000 5031475.000 1.500
649775.000 5031475.000 1.500
649800.000 5031475.000 1.500
649825.000 5031475.000 1.500
649850.000 5031475.000 1.500
649875.000 5031475.000 1.500
649900.000 5031475.000 1.500
649925.000 5031475.000 1.500
649325.000 5031450.000 1.500
649350.000 5031450.000 1.500
649375.000 5031450.000 1.500
649400.000 5031450.000 1.500
649425.000 5031450.000 1.500
649450.000 5031450.000 1.500
649475.000 5031450.000 1.500
649500.000 5031450.000 1.500
649525.000 5031450.000 1.500
649550.000 5031450.000 1.500
649575.000 5031450.000 1.500
649600.000 5031450.000 1.500
649625.000 5031450.000 1.500
649650.000 5031450.000 1.500
649675.000 5031450.000 1.500
649700.000 5031450.000 1.500
649725.000 5031450.000 1.500
649750.000 5031450.000 1.500
649775.000 5031450.000 1.500
649800.000 5031450.000 1.500
649825.000 5031450.000 1.500
649850.000 5031450.000 1.500
649875.000 5031450.000 1.500
649900.000 5031450.000 1.500
649925.000 5031450.000 1.500
649950.000 5031450.000 1.500
649350.000 5031425.000 1.500
649375.000 5031425.000 1.500
649400.000 5031425.000 1.500
649425.000 5031425.000 1.500
649450.000 5031425.000 1.500
649475.000 5031425.000 1.500
649500.000 5031425.000 1.500
649525.000 5031425.000 1.500
649550.000 5031425.000 1.500
649575.000 5031425.000 1.500
649600.000 5031425.000 1.500
649625.000 5031425.000 1.500
649650.000 5031425.000 1.500
649675.000 5031425.000 1.500
649700.000 5031425.000 1.500
649725.000 5031425.000 1.500
649750.000 5031425.000 1.500
649775.000 5031425.000 1.500
649800.000 5031425.000 1.500
649825.000 5031425.000 1.500
649850.000 5031425.000 1.500
649875.000 5031425.000 1.500
649900.000 5031425.000 1.500
649925.000 5031425.000 1.500
649950.000 5031425.000 1.500
649350.000 5031400.000 1.500
649375.000 5031400.000 1.500
649400.000 5031400.000 1.500
649425.000 5031400.000 1.500
649450.000 5031400.000 1.500
649475.000 5031400.000 1.500
649500.000 5031400.000 1.500
649525.000 5031400.000 1.500
649550.000 5031400.000 1.500
649575.000 5031400.000 1.500
649600.000 5031400.000 1.500
649625.000 5031400.000 1.500
649650.000 5031400.000 1.500
649675.000 5031400.000 1.500
649700.000 5031400.000 1.500
649725.000 5031400.000 1.500
649750.000 5031400.000 1.500
649775.000 5031400.000 1.500
649800.000 5031400.000 1.500
649825.000 5031400.000 1.500
649850.000 5031400.000 1.500
649875.000 5031400.000 1.500
649900.000 5031400.000 1.500
649925.000 5031400.000 1.500
649950.000 5031400.000 1.500
649975.000 5031400.000 1.500
649350.000 5031375.000 1.500
649375.000 5031375.000 1.500
649400.000 5031375.000 1.500
649425.000 5031375.000 1.500
649450.000 5031375.000 1.500
649475.000 5031375.000 1.500
649500.000 5031375.000 1.500
649525.000 5031375.000 1.500
649550.000 5031375.000 1.500
649575.000 5031375.000 1.500
649600.000 5031375.000 1.500
649625.000 5031375.000 1.500
649650.000 5031375.000 1.500
649675.000 5031375.000 1.500
649700.000 5031375.000 1.500
649725.000 5031375.000 1.500
649750.000 5031375.000 1.500
649775.000 5031375.000 1.500
649800.000 5031375.000 1.500
649825.000 5031375.000 1.500
649850.000 5031375.000 1.500
649875.000 5031375.000 1.500
649900.000 5031375.000 1.500
649925.000 5031375.000 1.500
649950.000 5031375.000 1.500
649975.000 5031375.000 1.500
649375.000 5031350.000 1.500
649400.000 5031350.000 1.500
649425.000 5031350.000 1.500
649450.000 5031350.000 1.500
649475.000 5031350.000 1.500
649500.000 5031350.000 1.500
649525.000 5031350.000 1.500
649550.000 5031350.000 1.500
649575.000 5031350.000 1.500
649600.000 5031350.000 1.500
649625.000 5031350.000 1.500
649650.000 5031350.000 1.500
649675.000 5031350.000 1.500
649700.000 5031350.000 1.500
649725.000 5031350.000 1.500
649750.000 5031350.000 1.500
649775.000 5031350.000 1.500
649800.000 5031350.000 1.500
649825.000 5031350.000 1.500
649850.000 5031350.000 1.500
649875.000 5031350.000 1.500
649900.000 5031350.000 1.500
649925.000 5031350.000 1.500
649950.000 5031350.000 1.500
649975.000 5031350.000 1.500
649375.000 5031325.000 1.500
649400.000 5031325.000 1.500
649425.000 5031325.000 1.500
649450.000 5031325.000 1.500
649475.000 5031325.000 1.500
649500.000 5031325.000 1.500
649525.000 5031325.000 1.500
649550.000 5031325.000 1.500
649575.000 5031325.000 1.500
649600.000 5031325.000 1.500
649625.000 5031325.000 1.500
649650.000 5031325.000 1.500
649675.000 5031325.000 1.500
649700.000 5031325.000 1.500
649725.000 5031325.000 1.500
649750.000 5031325.000 1.500
649775.000 5031325.000 1.500
649800.000 5031325.000 1.500
649825.000 5031325.000 1.500
649850.000 5031325.000 1.500
649875.000 5031325.000 1.500
649900.000 5031325.000 1.500
649925.000 5031325.000 1.500
649950.000 5031325.000 1.500
649975.000 5031325.000 1.500
650000.000 5031325.000 1.500
649375.000 5031300.000 1.500
649400.000 5031300.000 1.500
649425.000 5031300.000 1.500
649450.000 5031300.000 1.500
649475.000 5031300.000 1.500
649500.000 5031300.000 1.500
649525.000 5031300.000 1.500
649550.000 5031300.000 1.500
649575.000 5031300.000 1.500
649600.000 5031300.000 1.500
649625.000 5031300.000 1.500
649650.000 5031300.000 1.500
649675.000 5031300.000 1.500
649700.000 5031300.000 1.500
649725.000 5031300.000 1.500
649750.000 5031300.000 1.500
649775.000 5031300.000 1.500
649800.000 5031300.000 1.500
649825.000 5031300.000 1.500
649850.000 5031300.000 1.500
649875.000 5031300.000 1.500
649900.000 5031300.000 1.500
649925.000 5031300.000 1.500
649950.000 5031300.000 1.500
649975.000 5031300.000 1.500
650000.000 5031300.000 1.500
649400.000 5031275.000 1.500
649425.000 5031275.000 1.500
649450.000 5031275.000 1.500
649475.000 5031275.000 1.500
649500.000 5031275.000 1.500
649525.000 5031275.000 1.500
649550.000 5031275.000 1.500
649575.000 5031275.000 1.500
649600.000 5031275.000 1.500
649625.000 5031275.000 1.500
649650.000 5031275.000 1.500
649675.000 5031275.000 1.500
649700.000 5031275.000 1.500
649725.000 5031275.000 1.500
649750.000 5031275.000 1.500
649775.000 5031275.000 1.500
649800.000 5031275.000 1.500
649825.000 5031275.000 1.500
649850.000 5031275.000 1.500
649875.000 5031275.000 1.500
649900.000 5031275.000 1.500
649925.000 5031275.000 1.500
649950.000 5031275.000 1.500
649975.000 5031275.000 1.500
650000.000 5031275.000 1.500
649400.000 5031250.000 1.500
649425.000 5031250.000 1.500
649450.000 5031250.000 1.500
649475.000 5031250.000 1.500
649500.000 5031250.000 1.500
649525.000 5031250.000 1.500
649550.000 5031250.000 1.500
649575.000 5031250.000 1.500
649600.000 5031250.000 1.500
649625.000 5031250.000 1.500
649650.000 5031250.000 1.500
649675.000 5031250.000 1.500
649700.000 5031250.000 1.500
649725.000 5031250.000 1.500
649750.000 5031250.000 1.500
649775.000 5031250.000 1.500
649800.000 5031250.000 1.500
649825.000 5031250.000 1.500
649850.000 5031250.000 1.500
649875.000 5031250.000 1.500
649900.000 5031250.000 1.500
649925.000 5031250.000 1.500
649950.000 5031250.000 1.500
649975.000 5031250.000 1.500
650000.000 5031250.000 1.500
650025.000 5031250.000 1.500
649425.000 5031225.000 1.500
649450.000 5031225.000 1.500
649475.000 5031225.000 1.500
649500.000 5031225.000 1.500
649525.000 5031225.000 1.500
649550.000 5031225.000 1.500
649575.000 5031225.000 1.500
649600.000 5031225.000 1.500
649625.000 5031225.000 1.500
649650.000 5031225.000 1.500
649675.000 5031225.000 1.500
649700.000 5031225.000 1.500
649725.000 5031225.000 1.500
649750.000 5031225.000 1.500
649775.000 5031225.000 1.500
649800.000 5031225.000 1.500
649825.000 5031225.000 1.500
649850.000 5031225.000 1.500
649875.000 5031225.000 1.500
649900.000 5031225.000 1.500
649925.000 5031225.000 1.500
649950.000 5031225.000 1.500
649975.000 5031225.000 1.500
650000.000 5031225.000 1.500
650025.000 5031225.000 1.500
649425.000 5031200.000 1.500
649450.000 5031200.000 1.500
649475.000 5031200.000 1.500
649500.000 5031200.000 1.500
649525.000 5031200.000 1.500
649550.000 5031200.000 1.500
649575.000 5031200.000 1.500
649600.000 5031200.000 1.500
649625.000 5031200.000 1.500
649650.000 5031200.000 1.500
649675.000 5031200.000 1.500
649700.000 5031200.000 1.500
649725.000 5031200.000 1.500
649750.000 5031200.000 1.500
649775.000 5031200.000 1.500
649800.000 5031200.000 1.500
649825.000 5031200.000 1.500
649850.000 5031200.000 1.500
649875.000 5031200.000 1.500
649900.000 5031200.000 1.500
649925.000 5031200.000 1.500
649950.000 5031200.000 1.500
649975.000 5031200.000 1.500
650000.000 5031200.000 1.500
650025.000 5031200.000 1.500
649425.000 5031175.000 1.500
649450.000 5031175.000 1.500
649475.000 5031175.000 1.500
649500.000 5031175.000 1.500
649525.000 5031175.000 1.500
649550.000 5031175.000 1.500
649575.000 5031175.000 1.500
649600.000 5031175.000 1.500
649625.000 5031175.000 1.500
649650.000 5031175.000 1.500
649675.000 5031175.000 1.500
649700.000 5031175.000 1.500
649725.000 5031175.000 1.500
649750.000 5031175.000 1.500
649775.000 5031175.000 1.500
649800.000 5031175.000 1.500
649825.000 5031175.000 1.500
649850.000 5031175.000 1.500
649875.000 5031175.000 1.500
649900.000 5031175.000 1.500
649925.000 5031175.000 1.500
649950.000 5031175.000 1.500
649975.000 5031175.000 1.500
650000.000 5031175.000 1.500
650025.000 5031175.000 1.500
649450.000 5031150.000 1.500
649475.000 5031150.000 1.500
649500.000 5031150.000 1.500
649525.000 5031150.000 1.500
649550.000 5031150.000 1.500
649575.000 5031150.000 1.500
649600.000 5031150.000 1.500
649625.000 5031150.000 1.500
649650.000 5031150.000 1.500
649675.000 5031150.000 1.500
649700.000 5031150.000 1.500
649725.000 5031150.000 1.500
649750.000 5031150.000 1.500
649775.000 5031150.000 1.500
649800.000 5031150.000 1.500
649825.000 5031150.000 1.500
649850.000 5031150.000 1.500
649875.000 5031150.000 1.500
649900.000 5031150.000 1.500
649925.000 5031150.000 1.500
649950.000 5031150.000 1.500
649975.000 5031150.000 1.500
650000.000 5031150.000 1.500
650025.000 5031150.000 1.500
650050.000 5031150.000 1.500
649450.000 5031125.000 1.500
649475.000 5031125.000 1.500
649500.000 5031125.000 1.500
649525.000 5031125.000 1.500
649550.000 5031125.000 1.500
649575.000 5031125.000 1.500
649600.000 5031125.000 1.500
649625.000 5031125.000 1.500
649650.000 5031125.000 1.500
649675.000 5031125.000 1.500
649700.000 5031125.000 1.500
649725.000 5031125.000 1.500
649750.000 5031125.000 1.500
649775.000 5031125.000 1.500
649800.000 5031125.000 1.500
649825.000 5031125.000 1.500
649850.000 5031125.000 1.500
649875.000 5031125.000 1.500
649900.000 5031125.000 1.500
649925.000 5031125.000 1.500
649950.000 5031125.000 1.500
649975.000 5031125.000 1.500
650000.000 5031125.000 1.500
650025.000 5031125.000 1.500
650050.000 5031125.000 1.500
649450.000 5031100.000 1.500
649475.000 5031100.000 1.500
649500.000 5031100.000 1.500
649525.000 5031100.000 1.500
649550.000 5031100.000 1.500
649575.000 5031100.000 1.500
649600.000 5031100.000 1.500
649625.000 5031100.000 1.500
649650.000 5031100.000 1.500
649675.000 5031100.000 1.500
649700.000 5031100.000 1.500
649725.000 5031100.000 1.500
649750.000 5031100.000 1.500
649775.000 5031100.000 1.500
649800.000 5031100.000 1.500
649825.000 5031100.000 1.500
649850.000 5031100.000 1.500
649875.000 5031100.000 1.500
649900.000 5031100.000 1.500
649925.000 5031100.000 1.500
649950.000 5031100.000 1.500
649975.000 5031100.000 1.500
650000.000 5031100.000 1.500
650025.000 5031100.000 1.500
650050.000 5031100.000 1.500
649475.000 5031075.000 1.500
649500.000 5031075.000 1.500
649525.000 5031075.000 1.500
649550.000 5031075.000 1.500
649575.000 5031075.000 1.500
649600.000 5031075.000 1.500
649625.000 5031075.000 1.500
649650.000 5031075.000 1.500
649675.000 5031075.000 1.500
649700.000 5031075.000 1.500
649725.000 5031075.000 1.500
649750.000 5031075.000 1.500
649775.000 5031075.000 1.500
649800.000 5031075.000 1.500
649825.000 5031075.000 1.500
649850.000 5031075.000 1.500
649875.000 5031075.000 1.500
649900.000 5031075.000 1.500
649925.000 5031075.000 1.500
649950.000 5031075.000 1.500
649975.000 5031075.000 1.500
650000.000 5031075.000 1.500
650025.000 5031075.000 1.500
650050.000 5031075.000 1.500
649475.000 5031050.000 1.500
649500.000 5031050.000 1.500
649525.000 5031050.000 1.500
649550.000 5031050.000 1.500
649575.000 5031050.000 1.500
649600.000 5031050.000 1.500
649625.000 5031050.000 1.500
649650.000 5031050.000 1.500
649675.000 5031050.000 1.500
649700.000 5031050.000 1.500
649725.000 5031050.000 1.500
649750.000 5031050.000 1.500
649775.000 5031050.000 1.500
649800.000 5031050.000 1.500
649825.000 5031050.000 1.500
649850.000 5031050.000 1.500
649875.000 5031050.000 1.500
649900.000 5031050.000 1.500
649925.000 5031050.000 1.500
649950.000 5031050.000 1.500
649975.000 5031050.000 1.500
650000.000 5031050.000 1.500
650025.000 5031050.000 1.500
650050.000 5031050.000 1.500
649475.000 5031025.000 1.500
649500.000 5031025.000 1.500
649525.000 5031025.000 1.500
649550.000 5031025.000 1.500
649575.000 5031025.000 1.500
649600.000 5031025.000 1.500
649625.000 5031025.000 1.500
649650.000 5031025.000 1.500
649675.000 5031025.000 1.500
649700.000 5031025.000 1.500
649725.000 5031025.000 1.500
649750.000 5031025.000 1.500
649775.000 5031025.000 1.500
649800.000 5031025.000 1.500
649825.000 5031025.000 1.500
649850.000 5031025.000 1.500
649875.000 5031025.000 1.500
649900.000 5031025.000 1.500
649925.000 5031025.000 1.500
649950.000 5031025.000 1.500
649975.000 5031025.000 1.500
650000.000 5031025.000 1.500
650025.000 5031025.000 1.500
650050.000 5031025.000 1.500
649475.000 5031000.000 1.500
649500.000 5031000.000 1.500
649525.000 5031000.000 1.500
649550.000 5031000.000 1.500
649575.000 5031000.000 1.500
649600.000 5031000.000 1.500
649625.000 5031000.000 1.500
649650.000 5031000.000 1.500
649675.000 5031000.000 1.500
649700.000 5031000.000 1.500
649725.000 5031000.000 1.500
649750.000 5031000.000 1.500
649775.000 5031000.000 1.500
649800.000 5031000.000 1.500
649825.000 5031000.000 1.500
649850.000 5031000.000 1.500
649875.000 5031000.000 1.500
649900.000 5031000.000 1.500
649925.000 5031000.000 1.500
649950.000 5031000.000 1.500
649975.000 5031000.000 1.500
650000.000 5031000.000 1.500
650025.000 5031000.000 1.500
650050.000 5031000.000 1.500
650075.000 5031000.000 1.500
649475.000 5030975.000 1.500
649500.000 5030975.000 1.500
649525.000 5030975.000 1.500
649550.000 5030975.000 1.500
649575.000 5030975.000 1.500
649600.000 5030975.000 1.500
649625.000 5030975.000 1.500
649650.000 5030975.000 1.500
649675.000 5030975.000 1.500
649700.000 5030975.000 1.500
649725.000 5030975.000 1.500
649750.000 5030975.000 1.500
649775.000 5030975.000 1.500
649800.000 5030975.000 1.500
649825.000 5030975.000 1.500
649850.000 5030975.000 1.500
649875.000 5030975.000 1.500
649900.000 5030975.000 1.500
649925.000 5030975.000 1.500
649950.000 5030975.000 1.500
649975.000 5030975.000 1.500
650000.000 5030975.000 1.500
650025.000 5030975.000 1.500
650050.000 5030975.000 1.500
650075.000 5030975.000 1.500
649500.000 5030950.000 1.500
649525.000 5030950.000 1.500
649550.000 5030950.000 1.500
649575.000 5030950.000 1.500
649600.000 5030950.000 1.500
649625.000 5030950.000 1.500
649650.000 5030950.000 1.500
649675.000 5030950.000 1.500
649700.000 5030950.000 1.500
649725.000 5030950.000 1.500
649750.000 5030950.000 1.500
649775.000 5030950.000 1.500
649800.000 5030950.000 1.500
649825.000 5030950.000 1.500
649850.000 5030950.000 1.500
649875.000 5030950.000 1.500
649900.000 5030950.000 1.500
649925.000 5030950.000 1.500
649950.000 5030950.000 1.500
649975.000 5030950.000 1.500
650000.000 5030950.000 1.500
650025.000 5030950.000 1.500
650050.000 5030950.000 1.500
650075.000 5030950.000 1.500
649500.000 5030925.000 1.500
649525.000 5030925.000 1.500
649550.000 5030925.000 1.500
649575.000 5030925.000 1.500
649600.000 5030925.000 1.500
649625.000 5030925.000 1.500
649650.000 5030925.000 1.500
649675.000 5030925.000 1.500
649700.000 5030925.000 1.500
649725.000 5030925.000 1.500
649750.000 5030925.000 1.500
649775.000 5030925.000 1.500
649800.000 5030925.000 1.500
649825.000 5030925.000 1.500
649850.000 5030925.000 1.500
649875.000 5030925.000 1.500
649900.000 5030925.000 1.500
649925.000 5030925.000 1.500
649950.000 5030925.000 1.500
649975.000 5030925.000 1.500
650000.000 5030925.000 1.500
650025.000 5030925.000 1.500
650050.000 5030925.000 1.500
650075.000 5030925.000 1.500
649500.000 5030900.000 1.500
649525.000 5030900.000 1.500
649550.000 5030900.000 1.500
649575.000 5030900.000 1.500
649600.000 5030900.000 1.500
649625.000 5030900.000 1.500
649650.000 5030900.000 1.500
649675.000 5030900.000 1.500
649700.000 5030900.000 1.500
649725.000 5030900.000 1.500
649750.000 5030900.000 1.500
649775.000 5030900.000 1.500
649800.000 5030900.000 1.500
649825.000 5030900.000 1.500
649850.000 5030900.000 1.500
649875.000 5030900.000 1.500
649900.000 5030900.000 1.500
649925.000 5030900.000 1.500
649950.000 5030900.000 1.500
649975.000 5030900.000 1.500
650000.000 5030900.000 1.500
650025.000 5030900.000 1.500
650050.000 5030900.000 1.500
650075.000 5030900.000 1.500
649500.000 5030875.000 1.500
649525.000 5030875.000 1.500
649550.000 5030875.000 1.500
649575.000 5030875.000 1.500
649600.000 5030875.000 1.500
649625.000 5030875.000 1.500
649650.000 5030875.000 1.500
649675.000 5030875.000 1.500
649700.000 5030875.000 1.500
649725.000 5030875.000 1.500
649750.000 5030875.000 1.500
649775.000 5030875.000 1.500
649800.000 5030875.000 1.500
649825.000 5030875.000 1.500
649850.000 5030875.000 1.500
649875.000 5030875.000 1.500
649900.000 5030875.000 1.500
649925.000 5030875.000 1.500
649950.000 5030875.000 1.500
649975.000 5030875.000 1.500
650000.000 5030875.000 1.500
650025.000 5030875.000 1.500
650050.000 5030875.000 1.500
650075.000 5030875.000 1.500
649500.000 5030850.000 1.500
649525.000 5030850.000 1.500
649550.000 5030850.000 1.500
649575.000 5030850.000 1.500
649600.000 5030850.000 1.500
649625.000 5030850.000 1.500
649650.000 5030850.000 1.500
649675.000 5030850.000 1.500
649700.000 5030850.000 1.500
649725.000 5030850.000 1.500
649750.000 5030850.000 1.500
649775.000 5030850.000 1.500
649800.000 5030850.000 1.500
649825.000 5030850.000 1.500
649850.000 5030850.000 1.500
649875.000 5030850.000 1.500
649900.000 5030850.000 1.500
649925.000 5030850.000 1.500
649950.000 5030850.000 1.500
649975.000 5030850.000 1.500
650000.000 5030850.000 1.500
650025.000 5030850.000 1.500
650050.000 5030850.000 1.500
650075.000 5030850.000 1.500
649500.000 5030825.000 1.500
649525.000 5030825.000 1.500
649550.000 5030825.000 1.500
649575.000 5030825.000 1.500
649600.000 5030825.000 1.500
649625.000 5030825.000 1.500
649650.000 5030825.000 1.500
649675.000 5030825.000 1.500
649700.000 5030825.000 1.500
649725.000 5030825.000 1.500
649750.000 5030825.000 1.500
649775.000 5030825.000 1.500
649800.000 5030825.000 1.500
649825.000 5030825.000 1.500
649850.000 5030825.000 1.500
649875.000 5030825.000 1.500
649900.000 5030825.000 1.500
649925.000 5030825.000 1.500
649950.000 5030825.000 1.500
649975.000 5030825.000 1.500
650000.000 5030825.000 1.500
650025.000 5030825.000 1.500
650050.000 5030825.000 1.500
650075.000 5030825.000 1.500
649500.000 5030800.000 1.500
649525.000 5030800.000 1.500
649550.000 5030800.000 1.500
649575.000 5030800.000 1.500
649600.000 5030800.000 1.500
649625.000 5030800.000 1.500
649650.000 5030800.000 1.500
649675.000 5030800.000 1.500
649700.000 5030800.000 1.500
649725.000 5030800.000 1.500
649750.000 5030800.000 1.500
649775.000 5030800.000 1.500
649800.000 5030800.000 1.500
649825.000 5030800.000 1.500
649850.000 5030800.000 1.500
649875.000 5030800.000 1.500
649900.000 5030800.000 1.500
649925.000 5030800.000 1.500
649950.000 5030800.000 1.500
649975.000 5030800.000 1.500
650000.000 5030800.000 1.500
650025.000 5030800.000 1.500
650050.000 5030800.000 1.500
650075.000 5030800.000 1.500
649500.000 5030775.000 1.500
649525.000 5030775.000 1.500
649550.000 5030775.000 1.500
649575.000 5030775.000 1.500
649600.000 5030775.000 1.500
649625.000 5030775.000 1.500
649650.000 5030775.000 1.500
649675.000 5030775.000 1.500
649700.000 5030775.000 1.500
649725.000 5030775.000 1.500
649750.000 5030775.000 1.500
649775.000 5030775.000 1.500
649800.000 5030775.000 1.500
649825.000 5030775.000 1.500
649850.000 5030775.000 1.500
649875.000 5030775.000 1.500
649900.000 5030775.000 1.500
649925.000 5030775.000 1.500
649950.000 5030775.000 1.500
649975.000 5030775.000 1.500
650000.000 5030775.000 1.500
650025.000 5030775.000 1.500
650050.000 5030775.000 1.500
650075.000 5030775.000 1.500
649500.000 5030750.000 1.500
649525.000 5030750.000 1.500
649550.000 5030750.000 1.500
649575.000 5030750.000 1.500
649600.000 5030750.000 1.500
649625.000 5030750.000 1.500
649650.000 5030750.000 1.500
649675.000 5030750.000 1.500
649700.000 5030750.000 1.500
649725.000 5030750.000 1.500
649750.000 5030750.000 1.500
649775.000 5030750.000 1.500
649800.000 5030750.000 1.500
649825.000 5030750.000 1.500
649850.000 5030750.000 1.500
649875.000 5030750.000 1.500
649900.000 5030750.000 1.500
649925.000 5030750.000 1.500
649950.000 5030750.000 1.500
649975.000 5030750.000 1.500
650000.000 5030750.000 1.500
650025.000 5030750.000 1.500
650050.000 5030750.000 1.500
650075.000 5030750.000 1.500
649500.000 5030725.000 1.500
649525.000 5030725.000 1.500
649550.000 5030725.000 1.500
649575.000 5030725.000 1.500
649600.000 5030725.000 1.500
649625.000 5030725.000 1.500
649650.000 5030725.000 1.500
649675.000 5030725.000 1.500
649700.000 5030725.000 1.500
649725.000 5030725.000 1.500
649750.000 5030725.000 1.500
649775.000 5030725.000 1.500
649800.000 5030725.000 1.500
649825.000 5030725.000 1.500
649850.000 5030725.000 1.500
649875.000 5030725.000 1.500
649900.000 5030725.000 1.500
649925.000 5030725.000 1.500
649950.000 5030725.000 1.500
649975.000 5030725.000 1.500
650000.000 5030725.000 1.500
650025.000 5030725.000 1.500
650050.000 5030725.000 1.500
650075.000 5030725.000 1.500
649500.000 5030700.000 1.500
649525.000 5030700.000 1.500
649550.000 5030700.000 1.500
649575.000 5030700.000 1.500
649600.000 5030700.000 1.500
649625.000 5030700.000 1.500
649650.000 5030700.000 1.500
649675.000 5030700.000 1.500
649700.000 5030700.000 1.500
649725.000 5030700.000 1.500
649750.000 5030700.000 1.500
649775.000 5030700.000 1.500
649800.000 5030700.000 1.500
649825.000 5030700.000 1.500
649850.000 5030700.000 1.500
649875.000 5030700.000 1.500
649900.000 5030700.000 1.500
649925.000 5030700.000 1.500
649950.000 5030700.000 1.500
649975.000 5030700.000 1.500
650000.000 5030700.000 1.500
650025.000 5030700.000 1.500
650050.000 5030700.000 1.500
650075.000 5030700.000 1.500
649500.000 5030675.000 1.500
649525.000 5030675.000 1.500
649550.000 5030675.000 1.500
649575.000 5030675.000 1.500
649600.000 5030675.000 1.500
649625.000 5030675.000 1.500
649650.000 5030675.000 1.500
649675.000 5030675.000 1.500
649700.000 5030675.000 1.500
649725.000 5030675.000 1.500
649750.000 5030675.000 1.500
649775.000 5030675.000 1.500
649800.000 5030675.000 1.500
649825.000 5030675.000 1.500
649850.000 5030675.000 1.500
649875.000 5030675.000 1.500
649900.000 5030675.000 1.500
649925.000 5030675.000 1.500
649950.000 5030675.000 1.500
649975.000 5030675.000 1.500
650000.000 5030675.000 1.500
650025.000 5030675.000 1.500
650050.000 5030675.000 1.500
650075.000 5030675.000 1.500
649500.000 5030650.000 1.500
649525.000 5030650.000 1.500
649550.000 5030650.000 1.500
649575.000 5030650.000 1.500
649600.000 5030650.000 1.500
649625.000 5030650.000 1.500
649650.000 5030650.000 1.500
649675.000 5030650.000 1.500
649700.000 5030650.000 1.500
649725.000 5030650.000 1.500
649750.000 5030650.000 1.500
649775.000 5030650.000 1.500
649800.000 5030650.000 1.500
649825.000 5030650.000 1.500
649850.000 5030650.000 1.500
649875.000 5030650.000 1.500
649900.000 5030650.000 1.500
649925.000 5030650.000 1.500
649950.000 5030650.000 1.500
649975.000 5030650.000 1.500
650000.000 5030650.000 1.500
650025.000 5030650.000 1.500
650050.000 5030650.000 1.500
650075.000 5030650.000 1.500
649500.000 5030625.000 1.500
649525.000 5030625.000 1.500
649550.000 5030625.000 1.500
649575.000 5030625.000 1.500
649600.000 5030625.000 1.500
649625.000 5030625.000 1.500
649650.000 5030625.000 1.500
649675.000 5030625.000 1.500
649700.000 5030625.000 1.500
649725.000 5030625.000 1.500
649750.000 5030625.000 1.500
649775.000 5030625.000 1.500
649800.000 5030625.000 1.500
649825.000 5030625.000 1.500
649850.000 5030625.000 1.500
649875.000 5030625.000 1.500
649900.000 5030625.000 1.500
649925.000 5030625.000 1.500
649950.000 5030625.000 1.500
649975.000 5030625.000 1.500
650000.000 5030625.000 1.500
650025.000 5030625.000 1.500
650050.000 5030625.000 1.500
650075.000 5030625.000 1.500
649475.000 5030600.000 1.500
649500.000 5030600.000 1.500
649525.000 5030600.000 1.500
649550.000 5030600.000 1.500
649575.000 5030600.000 1.500
649600.000 5030600.000 1.500
649625.000 5030600.000 1.500
649650.000 5030600.000 1.500
649675.000 5030600.000 1.500
649700.000 5030600.000 1.500
649725.000 5030600.000 1.500
649750.000 5030600.000 1.500
649775.000 5030600.000 1.500
649800.000 5030600.000 1.500
649825.000 5030600.000 1.500
649850.000 5030600.000 1.500
649875.000 5030600.000 1.500
649900.000 5030600.000 1.500
649925.000 5030600.000 1.500
649950.000 5030600.000 1.500
649975.000 5030600.000 1.500
650000.000 5030600.000 1.500
650025.000 5030600.000 1.500
650050.000 5030600.000 1.500
650075.000 5030600.000 1.500
649475.000 5030575.000 1.500
649500.000 5030575.000 1.500
649525.000 5030575.000 1.500
649550.000 5030575.000 1.500
649575.000 5030575.000 1.500
649600.000 5030575.000 1.500
649625.000 5030575.000 1.500
649650.000 5030575.000 1.500
649675.000 5030575.000 1.500
649700.000 5030575.000 1.500
649725.000 5030575.000 1.500
649750.000 5030575.000 1.500
649775.000 5030575.000 1.500
649800.000 5030575.000 1.500
649825.000 5030575.000 1.500
649850.000 5030575.000 1.500
649875.000 5030575.000 1.500
649900.000 5030575.000 1.500
649925.000 5030575.000 1.500
649950.000 5030575.000 1.500
649975.000 5030575.000 1.500
650000.000 5030575.000 1.500
650025.000 5030575.000 1.500
650050.000 5030575.000 1.500
650075.000 5030575.000 1.500
649475.000 5030550.000 1.500
649500.000 5030550.000 1.500
649525.000 5030550.000 1.500
649550.000 5030550.000 1.500
649575.000 5030550.000 1.500
649600.000 5030550.000 1.500
649625.000 5030550.000 1.500
649650.000 5030550.000 1.500
649675.000 5030550.000 1.500
649700.000 5030550.000 1.500
649725.000 5030550.000 1.500
649750.000 5030550.000 1.500
649775.000 5030550.000 1.500
649800.000 5030550.000 1.500
649825.000 5030550.000 1.500
649850.000 5030550.000 1.500
649875.000 5030550.000 1.500
649900.000 5030550.000 1.500
649925.000 5030550.000 1.500
649950.000 5030550.000 1.500
649975.000 5030550.000 1.500
650000.000 5030550.000 1.500
650025.000 5030550.000 1.500
650050.000 5030550.000 1.500
649475.000 5030525.000 1.500
649500.000 5030525.000 1.500
649525.000 5030525.000 1.500
649550.000 5030525.000 1.500
649575.000 5030525.000 1.500
649600.000 5030525.000 1.500
649625.000 5030525.000 1.500
649650.000 5030525.000 1.500
649675.000 5030525.000 1.500
649700.000 5030525.000 1.500
649725.000 5030525.000 1.500
649750.000 5030525.000 1.500
649775.000 5030525.000 1.500
649800.000 5030525.000 1.500
649825.000 5030525.000 1.500
649850.000 5030525.000 1.500
649875.000 5030525.000 1.500
649900.000 5030525.000 1.500
649925.000 5030525.000 1.500
649950.000 5030525.000 1.500
649975.000 5030525.000 1.500
650000.000 5030525.000 1.500
650025.000 5030525.000 1.500
650050.000 5030525.000 1.500
649475.000 5030500.000 1.500
649500.000 5030500.000 1.500
649525.000 5030500.000 1.500
649550.000 5030500.000 1.500
649575.000 5030500.000 1.500
649600.000 5030500.000 1.500
649625.000 5030500.000 1.500
649650.000 5030500.000 1.500
649675.000 5030500.000 1.500
649700.000 5030500.000 1.500
649725.000 5030500.000 1.500
649750.000 5030500.000 1.500
649775.000 5030500.000 1.500
649800.000 5030500.000 1.500
649825.000 5030500.000 1.500
649850.000 5030500.000 1.500
649875.000 5030500.000 1.500
649900.000 5030500.000 1.500
649925.000 5030500.000 1.500
649950.000 5030500.000 1.500
649975.000 5030500.000 1.500
650000.000 5030500.000 1.500
650025.000 5030500.000 1.500
650050.000 5030500.000 1.500
649475.000 5030475.000 1.500
649500.000 5030475.000 1.500
649525.000 5030475.000 1.500
649550.000 5030475.000 1.500
649575.000 5030475.000 1.500
649600.000 5030475.000 1.500
649625.000 5030475.000 1.500
649650.000 5030475.000 1.500
649675.000 5030475.000 1.500
649700.000 5030475.000 1.500
649725.000 5030475.000 1.500
649750.000 5030475.000 1.500
649775.000 5030475.000 1.500
649800.000 5030475.000 1.500
649825.000 5030475.000 1.500
649850.000 5030475.000 1.500
649875.000 5030475.000 1.500
649900.000 5030475.000 1.500
649925.000 5030475.000 1.500
649950.000 5030475.000 1.500
649975.000 5030475.000 1.500
650000.000 5030475.000 1.500
650025.000 5030475.000 1.500
650050.000 5030475.000 1.500
649450.000 5030450.000 1.500
649475.000 5030450.000 1.500
649500.000 5030450.000 1.500
649525.000 5030450.000 1.500
649550.000 5030450.000 1.500
649575.000 5030450.000 1.500
649600.000 5030450.000 1.500
649625.000 5030450.000 1.500
649650.000 5030450.000 1.500
649675.000 5030450.000 1.500
649700.000 5030450.000 1.500
649725.000 5030450.000 1.500
649750.000 5030450.000 1.500
649775.000 5030450.000 1.500
649800.000 5030450.000 1.500
649825.000 5030450.000 1.500
649850.000 5030450.000 1.500
649875.000 5030450.000 1.500
649900.000 5030450.000 1.500
649925.000 5030450.000 1.500
649950.000 5030450.000 1.500
649975.000 5030450.000 1.500
650000.000 5030450.000 1.500
650025.000 5030450.000 1.500
650050.000 5030450.000 1.500
649450.000 5030425.000 1.500
649475.000 5030425.000 1.500
649500.000 5030425.000 1.500
649525.000 5030425.000 1.500
649550.000 5030425.000 1.500
649575.000 5030425.000 1.500
649600.000 5030425.000 1.500
649625.000 5030425.000 1.500
649650.000 5030425.000 1.500
649675.000 5030425.000 1.500
649700.000 5030425.000 1.500
649725.000 5030425.000 1.500
649750.000 5030425.000 1.500
649775.000 5030425.000 1.500
649800.000 5030425.000 1.500
649825.000 5030425.000 1.500
649850.000 5030425.000 1.500
649875.000 5030425.000 1.500
649900.000 5030425.000 1.500
649925.000 5030425.000 1.500
649950.000 5030425.000 1.500
649975.000 5030425.000 1.500
650000.000 5030425.000 1.500
650025.000 5030425.000 1.500
650050.000 5030425.000 1.500
649450.000 5030400.000 1.500
649475.000 5030400.000 1.500
649500.000 5030400.000 1.500
649525.000 5030400.000 1.500
649550.000 5030400.000 1.500
649575.000 5030400.000 1.500
649600.000 5030400.000 1.500
649625.000 5030400.000 1.500
649650.000 5030400.000 1.500
649675.000 5030400.000 1.500
649700.000 5030400.000 1.500
649725.000 5030400.000 1.500
649750.000 5030400.000 1.500
649775.000 5030400.000 1.500
649800.000 5030400.000 1.500
649825.000 5030400.000 1.500
649850.000 5030400.000 1.500
649875.000 5030400.000 1.500
649900.000 5030400.000 1.500
649925.000 5030400.000 1.500
649950.000 5030400.000 1.500
649975.000 5030400.000 1.500
650000.000 5030400.000 1.500
650025.000 5030400.000 1.500
649450.000 5030375.000 1.500
649475.000 5030375.000 1.500
649500.000 5030375.000 1.500
649525.000 5030375.000 1.500
649550.000 5030375.000 1.500
649575.000 5030375.000 1.500
649600.000 5030375.000 1.500
649625.000 5030375.000 1.500
649650.000 5030375.000 1.500
649675.000 5030375.000 1.500
649700.000 5030375.000 1.500
649725.000 5030375.000 1.500
649750.000 5030375.000 1.500
649775.000 5030375.000 1.500
649800.000 5030375.000 1.500
649825.000 5030375.000 1.500
649850.000 5030375.000 1.500
649875.000 5030375.000 1.500
649900.000 5030375.000 1.500
649925.000 5030375.000 1.500
649950.000 5030375.000 1.500
649975.000 5030375.000 1.500
650000.000 5030375.000 1.500
650025.000 5030375.000 1.500
649450.000 5030350.000 1.500
649475.000 5030350.000 1.500
649500.000 5030350.000 1.500
649525.000 5030350.000 1.500
649550.000 5030350.000 1.500
649575.000 5030350.000 1.500
649600.000 5030350.000 1.500
649625.000 5030350.000 1.500
649650.000 5030350.000 1.500
649675.000 5030350.000 1.500
649700.000 5030350.000 1.500
649725.000 5030350.000 1.500
649750.000 5030350.000 1.500
649775.000 5030350.000 1.500
649800.000 5030350.000 1.500
649825.000 5030350.000 1.500
649850.000 5030350.000 1.500
649875.000 5030350.000 1.500
649900.000 5030350.000 1.500
649925.000 5030350.000 1.500
649950.000 5030350.000 1.500
649975.000 5030350.000 1.500
650000.000 5030350.000 1.500
650025.000 5030350.000 1.500
649450.000 5030325.000 1.500
649475.000 5030325.000 1.500
649500.000 5030325.000 1.500
649525.000 5030325.000 1.500
649550.000 5030325.000 1.500
649575.000 5030325.000 1.500
649600.000 5030325.000 1.500
649625.000 5030325.000 1.500
649650.000 5030325.000 1.500
649675.000 5030325.000 1.500
649700.000 5030325.000 1.500
649725.000 5030325.000 1.500
649750.000 5030325.000 1.500
649775.000 5030325.000 1.500
649800.000 5030325.000 1.500
649825.000 5030325.000 1.500
649850.000 5030325.000 1.500
649875.000 5030325.000 1.500
649900.000 5030325.000 1.500
649925.000 5030325.000 1.500
649950.000 5030325.000 1.500
649975.000 5030325.000 1.500
650000.000 5030325.000 1.500
650025.000 5030325.000 1.500
649425.000 5030300.000 1.500
649450.000 5030300.000 1.500
649475.000 5030300.000 1.500
649500.000 5030300.000 1.500
649525.000 5030300.000 1.500
649550.000 5030300.000 1.500
649575.000 5030300.000 1.500
649600.000 5030300.000 1.500
649625.000 5030300.000 1.500
649650.000 5030300.000 1.500
649675.000 5030300.000 1.500
649700.000 5030300.000 1.500
649725.000 5030300.000 1.500
649750.000 5030300.000 1.500
649775.000 5030300.000 1.500
649800.000 5030300.000 1.500
649825.000 5030300.000 1.500
649850.000 5030300.000 1.500
649875.000 5030300.000 1.500
649900.000 5030300.000 1.500
649925.000 5030300.000 1.500
649950.000 5030300.000 1.500
649975.000 5030300.000 1.500
650000.000 5030300.000 1.500
650025.000 5030300.000 1.500
649425.000 5030275.000 1.500
649450.000 5030275.000 1.500
649475.000 5030275.000 1.500
649500.000 5030275.000 1.500
649525.000 5030275.000 1.500
649550.000 5030275.000 1.500
649575.000 5030275.000 1.500
649600.000 5030275.000 1.500
649625.000 5030275.000 1.500
649650.000 5030275.000 1.500
649675.000 5030275.000 1.500
649700.000 5030275.000 1.500
649725.000 5030275.000 1.500
649750.000 5030275.000 1.500
649775.000 5030275.000 1.500
649800.000 5030275.000 1.500
649825.000 5030275.000 1.500
649850.000 5030275.000 1.500
649875.000 5030275.000 1.500
649900.000 5030275.000 1.500
649925.000 5030275.000 1.500
649950.000 5030275.000 1.500
649975.000 5030275.000 1.500
650000.000 5030275.000 1.500
650025.000 5030275.000 1.500
649425.000 5030250.000 1.500
649450.000 5030250.000 1.500
649475.000 5030250.000 1.500
649500.000 5030250.000 1.500
649525.000 5030250.000 1.500
649550.000 5030250.000 1.500
649575.000 5030250.000 1.500
649600.000 5030250.000 1.500
649625.000 5030250.000 1.500
649650.000 5030250.000 1.500
649675.000 5030250.000 1.500
649700.000 5030250.000 1.500
649725.000 5030250.000 1.500
649750.000 5030250.000 1.500
649775.000 5030250.000 1.500
649800.000 5030250.000 1.500
649825.000 5030250.000 1.500
649850.000 5030250.000 1.500
649875.000 5030250.000 1.500
649900.000 5030250.000 1.500
649925.000 5030250.000 1.500
649950.000 5030250.000 1.500
649975.000 5030250.000 1.500
650000.000 5030250.000 1.500
649425.000 5030225.000 1.500
649450.000 5030225.000 1.500
649475.000 5030225.000 1.500
649500.000 5030225.000 1.500
649525.000 5030225.000 1.500
649550.000 5030225.000 1.500
649575.000 5030225.000 1.500
649600.000 5030225.000 1.500
649625.000 5030225.000 1.500
649650.000 5030225.000 1.500
649675.000 5030225.000 1.500
649700.000 5030225.000 1.500
649725.000 5030225.000 1.500
649750.000 5030225.000 1.500
649775.000 5030225.000 1.500
649800.000 5030225.000 1.500
649825.000 5030225.000 1.500
649850.000 5030225.000 1.500
649875.000 5030225.000 1.500
649900.000 5030225.000 1.500
649925.000 5030225.000 1.500
649950.000 5030225.000 1.500
649975.000 5030225.000 1.500
650000.000 5030225.000 1.500
649425.000 5030200.000 1.500
649450.000 5030200.000 1.500
649475.000 5030200.000 1.500
649500.000 5030200.000 1.500
649525.000 5030200.000 1.500
649550.000 5030200.000 1.500
649575.000 5030200.000 1.500
649600.000 5030200.000 1.500
649625.000 5030200.000 1.500
649650.000 5030200.000 1.500
649675.000 5030200.000 1.500
649700.000 5030200.000 1.500
649725.000 5030200.000 1.500
649750.000 5030200.000 1.500
649775.000 5030200.000 1.500
649800.000 5030200.000 1.500
649825.000 5030200.000 1.500
649850.000 5030200.000 1.500
649875.000 5030200.000 1.500
649900.000 5030200.000 1.500
649925.000 5030200.000 1.500
649950.000 5030200.000 1.500
649975.000 5030200.000 1.500
650000.000 5030200.000 1.500
649400.000 5030175.000 1.500
649425.000 5030175.000 1.500
649450.000 5030175.000 1.500
649475.000 5030175.000 1.500
649500.000 5030175.000 1.500
649525.000 5030175.000 1.500
649550.000 5030175.000 1.500
649575.000 5030175.000 1.500
649600.000 5030175.000 1.500
649625.000 5030175.000 1.500
649650.000 5030175.000 1.500
649675.000 5030175.000 1.500
649700.000 5030175.000 1.500
649725.000 5030175.000 1.500
649750.000 5030175.000 1.500
649775.000 5030175.000 1.500
649800.000 5030175.000 1.500
649825.000 5030175.000 1.500
649850.000 5030175.000 1.500
649875.000 5030175.000 1.500
649900.000 5030175.000 1.500
649925.000 5030175.000 1.500
649950.000 5030175.000 1.500
649975.000 5030175.000 1.500
650000.000 5030175.000 1.500
649400.000 5030150.000 1.500
649425.000 5030150.000 1.500
649450.000 5030150.000 1.500
649475.000 5030150.000 1.500
649500.000 5030150.000 1.500
649525.000 5030150.000 1.500
649550.000 5030150.000 1.500
649575.000 5030150.000 1.500
649600.000 5030150.000 1.500
649625.000 5030150.000 1.500
649650.000 5030150.000 1.500
649675.000 5030150.000 1.500
649700.000 5030150.000 1.500
649725.000 5030150.000 1.500
649750.000 5030150.000 1.500
649775.000 5030150.000 1.500
649800.000 5030150.000 1.500
649825.000 5030150.000 1.500
649850.000 5030150.000 1.500
649875.000 5030150.000 1.500
649900.000 5030150.000 1.500
649925.000 5030150.000 1.500
649950.000 5030150.000 1.500
649975.000 5030150.000 1.500
650000.000 5030150.000 1.500
649400.000 5030125.000 1.500
649425.000 5030125.000 1.500
649450.000 5030125.000 1.500
649475.000 5030125.000 1.500
649500.000 5030125.000 1.500
649525.000 5030125.000 1.500
649550.000 5030125.000 1.500
649575.000 5030125.000 1.500
649600.000 5030125.000 1.500
649625.000 5030125.000 1.500
649650.000 5030125.000 1.500
649675.000 5030125.000 1.500
649700.000 5030125.000 1.500
649725.000 5030125.000 1.500
649750.000 5030125.000 1.500
649775.000 5030125.000 1.500
649800.000 5030125.000 1.500
649825.000 5030125.000 1.500
649850.000 5030125.000 1.500
649875.000 5030125.000 1.500
649900.000 5030125.000 1.500
649925.000 5030125.000 1.500
649950.000 5030125.000 1.500
649975.000 5030125.000 1.500
649475.000 5030100.000 1.500
649500.000 5030100.000 1.500
649525.000 5030100.000 1.500
649550.000 5030100.000 1.500
649575.000 5030100.000 1.500
649600.000 5030100.000 1.500
649625.000 5030100.000 1.500
649650.000 5030100.000 1.500
649675.000 5030100.000 1.500
649700.000 5030100.000 1.500
649725.000 5030100.000 1.500
649750.000 5030100.000 1.500
649775.000 5030100.000 1.500
649800.000 5030100.000 1.500
649825.000 5030100.000 1.500
649850.000 5030100.000 1.500
649875.000 5030100.000 1.500
649900.000 5030100.000 1.500
649925.000 5030100.000 1.500
649950.000 5030100.000 1.500
649975.000 5030100.000 1.500
649625.000 5030075.000 1.500
649650.000 5030075.000 1.500
649675.000 5030075.000 1.500
649700.000 5030075.000 1.500
649725.000 5030075.000 1.500
649750.000 5030075.000 1.500
649775.000 5030075.000 1.500
649800.000 5030075.000 1.500
649825.000 5030075.000 1.500
649850.000 5030075.000 1.500
649875.000 5030075.000 1.500
649900.000 5030075.000 1.500
649925.000 5030075.000 1.500
649950.000 5030075.000 1.500
649975.000 5030075.000 1.500
649775.000 5030050.000 1.500
649800.000 5030050.000 1.500
649825.000 5030050.000 1.500
649850.000 5030050.000 1.500
649875.000 5030050.000 1.500
649900.000 5030050.000 1.500
649925.000 5030050.000 1.500
649950.000 5030050.000 1.500
649975.000 5030050.000 1.500
649925.000 5030025.000 1.500
649950.000 5030025.000 1.500
649975.000 5030025.000 1.500
