Source,input,file,,,,,,,,,,,,,,,
,X_b,Y_b,Z_b,X_e,Y_e,Z_e,dCL,sigmaz0,#lanes,Emis,Hw1,dw1,Hw2,dw2,Depth,Wtop,Wbottom
A22,684751.29,5151846.26,1,684653.16,5151827.49,1,0,0,4,1,0,0,0,0,0,0,0
A22,684653.16,5151827.49,1,684557.31,5151799.12,1,0,0,4,1,0,0,0,0,0,0,0
A22,684557.31,5151799.12,1,684461.11,5151771.84,1,0,0,4,1,0,0,0,0,0,0,0
A22,684461.11,5151771.84,1,684364.9,5151744.56,1,0,0,4,1,0,0,0,0,0,0,0
A22,684364.9,5151744.56,1,684268.7,5151717.27,1,0,0,4,1,0,0,0,0,0,0,0
A22,684268.7,5151717.27,1,684172.35,5151690.48,1,0,0,4,1,0,0,0,0,0,0,0
A22,684172.35,5151690.48,1,684075.85,5151664.26,1,0,0,4,1,0,0,0,0,0,0,0
A22,684075.85,5151664.26,1,683979.42,5151637.77,1,0,0,4,1,0,0,0,0,0,0,0
A22,683979.42,5151637.77,1,683883,5151611.26,1,0,0,4,1,0,0,0,0,0,0,0
A22,683883,5151611.26,1,683784.3,5151596.64,1,0,0,4,2,0,0,0,0,0,0,0
A22,683784.3,5151596.64,1,683684.48,5151598.83,1,0,0,4,0,0,0,0,0,0,0,0
A22,683684.48,5151598.83,1,683585.22,5151610.95,1,0,0,4,0,0,0,0,0,0,0,0
A22,683585.22,5151610.95,1,683485.85,5151622.16,1,0,0,4,2,0,0,0,0,0,0,0
A22,683485.85,5151622.16,1,683386,5151625.23,1,0,0,4,1,0,0,0,0,0,0,0
A22,683386,5151625.23,1,683286.82,5151612.69,1,0,0,4,1,0,0,0,0,0,0,0
A22,683286.82,5151612.69,1,683188.16,5151596.63,1,0,0,4,1,0,0,0,0,0,0,0
A22,683188.16,5151596.63,1,683088.3,5151594,1,0,0,4,1,0,0,0,0,0,0,0
A22,683088.3,5151594,1,682989.05,5151605.8,1,0,0,4,1,0,0,0,0,0,0,0
A22,682989.05,5151605.8,1,682889.91,5151617.96,1,0,0,4,1,0,0,0,0,0,0,0
A22,682889.91,5151617.96,1,682789.91,5151618,1,0,0,4,1,0,0,0,0,0,0,0
A22,682789.91,5151618,1,682689.91,5151618,1,0,0,4,1,0,0,0,0,0,0,0
A22,682689.91,5151618,1,682589.91,5151618,1,0,0,4,1,0,0,0,0,0,0,0
A22,682589.91,5151618,1,682490.05,5151614.19,1,0,0,4,1,0,0,0,0,0,0,0
A22,682490.05,5151614.19,1,682391.5,5151598.72,1,0,0,4,1,0,0,0,0,0,0,0
A22,682391.5,5151598.72,1,682295.87,5151569.6,1,0,0,4,1,0,0,0,0,0,0,0
A22,682295.87,5151569.6,1,682200.54,5151539.43,1,0,0,4,1,0,0,0,0,0,0,0
A22,682200.54,5151539.43,1,682105.2,5151509.25,1,0,0,4,1,0,0,0,0,0,0,0
A22,682105.2,5151509.25,1,682009.86,5151479.07,1,0,0,4,1,0,0,0,0,0,0,0
A22,682009.86,5151479.07,1,681914.7,5151448.36,1,0,0,4,1,0,0,0,0,0,0,0
A22,681914.7,5151448.36,1,681821.46,5151412.22,1,0,0,4,1,0,0,0,0,0,0,0
A22,681821.46,5151412.22,1,681728.21,5151376.1,1,0,0,4,1,0,0,0,0,0,0,0
A22,681728.21,5151376.1,1,681633.28,5151344.95,1,0,0,4,1,0,0,0,0,0,0,0
A22,681633.28,5151344.95,1,681534.83,5151327.9,1,0,0,4,1,0,0,0,0,0,0,0
A22,681534.83,5151327.9,1,681435.17,5151323.83,1,0,0,4,1,0,0,0,0,0,0,0
A22,681435.17,5151323.83,1,681336.28,5151338.37,1,0,0,4,1,0,0,0,0,0,0,0
A22,681336.28,5151338.37,1,681237.79,5151355.61,1,0,0,4,1,0,0,0,0,0,0,0
A22,681237.79,5151355.61,1,681138.45,5151366.65,1,0,0,4,1,0,0,0,0,0,0,0
A22,681138.45,5151366.65,1,681038.81,5151360.26,1,0,0,4,1,0,0,0,0,0,0,0
A22,681038.81,5151360.26,1,680940.98,5151339.57,1,0,0,4,5,0,0,0,0,0,0,0
A22,680940.98,5151339.57,1,680843.36,5151317.88,1,0,0,4,0,0,0,0,0,0,0,0
A22,680843.36,5151317.88,1,680746.49,5151293.13,1,0,0,4,0,0,0,0,0,0,0,0
A22,680746.49,5151293.13,1,680650.03,5151266.77,1,0,0,4,0,0,0,0,0,0,0,0
A22,680650.03,5151266.77,1,680553.94,5151239.08,1,0,0,4,0,0,0,0,0,0,0,0
A22,680553.94,5151239.08,1,680458.08,5151210.63,1,0,0,4,0,0,0,0,0,0,0,0
A22,680458.08,5151210.63,1,680362.29,5151181.9,1,0,0,4,0,0,0,0,0,0,0,0
A22,680362.29,5151181.9,1,680266.59,5151152.89,1,0,0,4,0,0,0,0,0,0,0,0
A22,680266.59,5151152.89,1,680171.2,5151122.88,1,0,0,4,0,0,0,0,0,0,0,0
A22,680171.2,5151122.88,1,680079.34,5151084.05,1,0,0,4,5,0,0,0,0,0,0,0
A22,680079.34,5151084.05,1,679996.18,5151028.57,1,0,0,4,1,0,0,0,0,0,0,0
A22,679996.18,5151028.57,1,679909.97,5150978.08,1,0,0,4,1,0,0,0,0,0,0,0
A22,679909.97,5150978.08,1,679816.71,5150942.55,1,0,0,4,1,0,0,0,0,0,0,0
A22,679816.71,5150942.55,1,679718.33,5150925.18,1,0,0,4,1,0,0,0,0,0,0,0
A22,679718.33,5150925.18,1,679619.06,5150913.13,1,0,0,4,1,0,0,0,0,0,0,0
A22,679619.06,5150913.13,1,679521.45,5150892.08,1,0,0,4,1,0,0,0,0,0,0,0
A22,679521.45,5150892.08,1,679426.66,5150860.24,1,0,0,4,1,0,0,0,0,0,0,0
A22,679426.66,5150860.24,1,679332.01,5150827.97,1,0,0,4,1,0,0,0,0,0,0,0
A22,679332.01,5150827.97,1,679237.3,5150795.89,1,0,0,4,1,0,0,0,0,0,0,0
A22,679237.3,5150795.89,1,679143.74,5150760.86,1,0,0,4,1,0,0,0,0,0,0,0
A22,679143.74,5150760.86,1,679053.69,5150717.39,1,0,0,4,1,0,0,0,0,0,0,0
A22,679053.69,5150717.39,1,678961.72,5150678.27,1,0,0,4,1,0,0,0,0,0,0,0
A22,678961.72,5150678.27,1,678869.32,5150640.05,1,0,0,4,1,0,0,0,0,0,0,0
A22,678869.32,5150640.05,1,678780.98,5150593.48,1,0,0,4,1,0,0,0,0,0,0,0
A22,678780.98,5150593.48,1,678698.16,5150537.5,1,0,0,4,1,0,0,0,0,0,0,0
A22,678698.16,5150537.5,1,678623.46,5150471.09,1,0,0,4,1,0,0,0,0,0,0,0
A22,678623.46,5150471.09,1,678556.38,5150396.97,1,0,0,4,1,0,0,0,0,0,0,0
A22,678556.38,5150396.97,1,678491.83,5150320.59,1,0,0,4,1,0,0,0,0,0,0,0
A22,678491.83,5150320.59,1,678427.56,5150243.99,1,0,0,4,1,0,0,0,0,0,0,0
A22,678427.56,5150243.99,1,678363.02,5150167.61,1,0,0,4,1,0,0,0,0,0,0,0
A22,678363.02,5150167.61,1,678293.98,5150095.3,1,0,0,4,1,0,0,0,0,0,0,0
A22,678293.98,5150095.3,1,678218.44,5150029.81,1,0,0,4,1,0,0,0,0,0,0,0
A22,678218.44,5150029.81,1,678142.69,5149964.54,1,0,0,4,1,0,0,0,0,0,0,0
A22,678142.69,5149964.54,1,678073.98,5149892.04,1,0,0,4,1,0,0,0,0,0,0,0
A22,678073.98,5149892.04,1,678018.28,5149809.2,1,0,0,4,1,0,0,0,0,0,0,0
A22,678018.28,5149809.2,1,677972.1,5149720.53,1,0,0,4,1,0,0,0,0,0,0,0
A22,677972.1,5149720.53,1,677926.98,5149631.29,1,0,0,4,1,0,0,0,0,0,0,0
A22,677926.98,5149631.29,1,677881.34,5149542.31,1,0,0,4,1,0,0,0,0,0,0,0
A22,677881.34,5149542.31,1,677835.66,5149453.36,1,0,0,4,1,0,0,0,0,0,0,0
A22,677835.66,5149453.36,1,677790.28,5149364.25,1,0,0,4,1,0,0,0,0,0,0,0
