Source,input,file,,,,,,,,,,,,,,,
,X_b,Y_b,Z_b,X_e,Y_e,Z_e,dCL,sigmaz0,#lanes,Emis,Hw1,dw1,Hw2,dw2,Depth,Wtop,Wbottom
A22,662763.18,5105315.49,1,662774.23,5105216.11,1,0,0,4,1,0,0,0,0,0,0,0
A22,662774.23,5105216.11,1,662789.11,5105117.22,1,0,0,4,1,0,0,0,0,0,0,0
A22,662789.11,5105117.22,1,662805.51,5105018.58,1,0,0,4,1,0,0,0,0,0,0,0
A22,662805.51,5105018.58,1,662821.92,5104919.93,1,0,0,4,1,0,0,0,0,0,0,0
A22,662821.92,5104919.93,1,662838.32,5104821.29,1,0,0,4,1,0,0,0,0,0,0,0
A22,662838.32,5104821.29,1,662854.59,5104722.62,1,0,0,4,1,0,0,0,0,0,0,0
A22,662854.59,5104722.62,1,662871.92,5104624.14,1,0,0,4,1,0,0,0,0,0,0,0
A22,662871.92,5104624.14,1,662892.39,5104526.26,1,0,0,4,1,0,0,0,0,0,0,0
A22,662892.39,5104526.26,1,662916.01,5104429.1,1,0,0,4,1,0,0,0,0,0,0,0
A22,662916.01,5104429.1,1,662940.46,5104332.14,1,0,0,4,6,0,0,0,0,0,0,0
A22,662940.46,5104332.14,1,662963.71,5104234.88,1,0,0,4,0,0,0,0,0,0,0,0
A22,662963.71,5104234.88,1,662988.83,5104138.09,1,0,0,4,0,0,0,0,0,0,0,0
A22,662988.83,5104138.09,1,663012.21,5104040.86,1,0,0,4,0,0,0,0,0,0,0,0
A22,663012.21,5104040.86,1,663037.56,5103944.13,1,0,0,4,0,0,0,0,0,0,0,0
A22,663037.56,5103944.13,1,663063.23,5103847.48,1,0,0,4,0,0,0,0,0,0,0,0
A22,663063.23,5103847.48,1,663088.54,5103750.74,1,0,0,4,0,0,0,0,0,0,0,0
A22,663088.54,5103750.74,1,663113.83,5103653.99,1,0,0,4,0,0,0,0,0,0,0,0
A22,663113.83,5103653.99,1,663139.27,5103557.28,1,0,0,4,0,0,0,0,0,0,0,0
A22,663139.27,5103557.28,1,663165.1,5103460.67,1,0,0,4,0,0,0,0,0,0,0,0
A22,663165.1,5103460.67,1,663188.39,5103363.45,1,0,0,4,0,0,0,0,0,0,0,0
A22,663188.39,5103363.45,1,663204.16,5103264.75,1,0,0,4,6,0,0,0,0,0,0,0
A22,663204.16,5103264.75,1,663209.77,5103164.96,1,0,0,4,1,0,0,0,0,0,0,0
A22,663209.77,5103164.96,1,663204.98,5103065.12,1,0,0,4,1,0,0,0,0,0,0,0
A22,663204.98,5103065.12,1,663193.48,5102965.8,1,0,0,4,1,0,0,0,0,0,0,0
A22,663193.48,5102965.8,1,663179.52,5102866.78,1,0,0,4,1,0,0,0,0,0,0,0
A22,663179.52,5102866.78,1,663165.53,5102767.76,1,0,0,4,1,0,0,0,0,0,0,0
A22,663165.53,5102767.76,1,663151.54,5102668.74,1,0,0,4,1,0,0,0,0,0,0,0
A22,663151.54,5102668.74,1,663137.56,5102569.73,1,0,0,4,1,0,0,0,0,0,0,0
A22,663137.56,5102569.73,1,663124.46,5102470.6,1,0,0,4,1,0,0,0,0,0,0,0
A22,663124.46,5102470.6,1,663118.17,5102370.83,1,0,0,4,1,0,0,0,0,0,0,0
A22,663118.17,5102370.83,1,663119.4,5102270.85,1,0,0,4,1,0,0,0,0,0,0,0
A22,663119.4,5102270.85,1,663125.1,5102171.02,1,0,0,4,1,0,0,0,0,0,0,0
A22,663125.1,5102171.02,1,663137.01,5102071.75,1,0,0,4,1,0,0,0,0,0,0,0
A22,663137.01,5102071.75,1,663154.29,5101973.27,1,0,0,4,1,0,0,0,0,0,0,0
A22,663154.29,5101973.27,1,663176.79,5101875.84,1,0,0,4,1,0,0,0,0,0,0,0
A22,663176.79,5101875.84,1,663204.78,5101779.86,1,0,0,4,1,0,0,0,0,0,0,0
A22,663204.78,5101779.86,1,663237.8,5101685.48,1,0,0,4,1,0,0,0,0,0,0,0
A22,663237.8,5101685.48,1,663275.65,5101592.93,1,0,0,4,1,0,0,0,0,0,0,0
A22,663275.65,5101592.93,1,663318.99,5101502.82,1,0,0,4,1,0,0,0,0,0,0,0
A22,663318.99,5101502.82,1,663366.65,5101414.93,1,0,0,4,1,0,0,0,0,0,0,0
A22,663366.65,5101414.93,1,663419.24,5101329.88,1,0,0,4,1,0,0,0,0,0,0,0
A22,663419.24,5101329.88,1,663476.29,5101247.77,1,0,0,4,1,0,0,0,0,0,0,0
A22,663476.29,5101247.77,1,663535.71,5101167.34,1,0,0,4,1,0,0,0,0,0,0,0
A22,663535.71,5101167.34,1,663595.4,5101087.1,1,0,0,4,1,0,0,0,0,0,0,0
A22,663595.4,5101087.1,1,663655.08,5101006.87,1,0,0,4,1,0,0,0,0,0,0,0
A22,663655.08,5101006.87,1,663715.05,5100926.85,1,0,0,4,1,0,0,0,0,0,0,0
A22,663715.05,5100926.85,1,663772.89,5100845.29,1,0,0,4,1,0,0,0,0,0,0,0
A22,663772.89,5100845.29,1,663825.95,5100760.55,1,0,0,4,1,0,0,0,0,0,0,0
A22,663825.95,5100760.55,1,663872.76,5100672.22,1,0,0,4,1,0,0,0,0,0,0,0
A22,663872.76,5100672.22,1,663912.71,5100580.57,1,0,0,4,1,0,0,0,0,0,0,0
A22,663912.71,5100580.57,1,663945.83,5100486.24,1,0,0,4,1,0,0,0,0,0,0,0
A22,663945.83,5100486.24,1,663974.46,5100390.43,1,0,0,4,1,0,0,0,0,0,0,0
A22,663974.46,5100390.43,1,664001.29,5100294.1,1,0,0,4,1,0,0,0,0,0,0,0
A22,664001.29,5100294.1,1,664027.98,5100197.72,1,0,0,4,1,0,0,0,0,0,0,0
A22,664027.98,5100197.72,1,664054.66,5100101.35,1,0,0,4,1,0,0,0,0,0,0,0
A22,664054.66,5100101.35,1,664081.34,5100004.97,1,0,0,4,1,0,0,0,0,0,0,0
A22,664081.34,5100004.97,1,664108.03,5099908.6,1,0,0,4,1,0,0,0,0,0,0,0
A22,664108.03,5099908.6,1,664134.71,5099812.23,1,0,0,4,1,0,0,0,0,0,0,0
