Source,input,file,,,,,,,,,,,,,,,
,X_b,Y_b,Z_b,X_e,Y_e,Z_e,dCL,sigmaz0,#lanes,Emis,Hw1,dw1,Hw2,dw2,Depth,Wtop,Wbottom
A22,701457.56,5182281.46,1,701435.67,5182183.95,1,0,0,4,1,0,0,0,0,0,0,0
A22,701435.67,5182183.95,1,701403.3,5182089.37,1,0,0,4,1,0,0,0,0,0,0,0
A22,701403.3,5182089.37,1,701367.29,5181996.08,1,0,0,4,1,0,0,0,0,0,0,0
A22,701367.29,5181996.08,1,701331.21,5181902.82,1,0,0,4,1,0,0,0,0,0,0,0
A22,701331.21,5181902.82,1,701295.14,5181809.55,1,0,0,4,1,0,0,0,0,0,0,0
A22,701295.14,5181809.55,1,701259.07,5181716.28,1,0,0,4,1,0,0,0,0,0,0,0
A22,701259.07,5181716.28,1,701223.0,5181623.01,1,0,0,4,1,0,0,0,0,0,0,0
A22,701223.0,5181623.01,1,701187.04,5181529.71,1,0,0,4,1,0,0,0,0,0,0,0
A22,701187.04,5181529.71,1,701156.65,5181434.45,1,0,0,4,1,0,0,0,0,0,0,0
A22,701156.65,5181434.45,1,701134.77,5181336.92,1,0,0,4,1,0,0,0,0,0,0,0
A22,701134.77,5181336.92,1,701123.02,5181237.66,1,0,0,4,1,0,0,0,0,0,0,0
A22,701123.02,5181237.66,1,701121.62,5181137.72,1,0,0,4,1,0,0,0,0,0,0,0
A22,701121.62,5181137.72,1,701130.38,5181038.15,1,0,0,4,1,0,0,0,0,0,0,0
A22,701130.38,5181038.15,1,701149.5,5180940.04,1,0,0,4,1,0,0,0,0,0,0,0
A22,701149.5,5180940.04,1,701178.58,5180844.42,1,0,0,4,1,0,0,0,0,0,0,0
A22,701178.58,5180844.42,1,701217.14,5180752.21,1,0,0,4,1,0,0,0,0,0,0,0
A22,701217.14,5180752.21,1,701263.02,5180663.38,1,0,0,4,1,0,0,0,0,0,0,0
A22,701263.02,5180663.38,1,701311.76,5180576.06,1,0,0,4,1,0,0,0,0,0,0,0
A22,701311.76,5180576.06,1,701361.05,5180489.06,1,0,0,4,1,0,0,0,0,0,0,0
A22,701361.05,5180489.06,1,701410.35,5180402.05,1,0,0,4,1,0,0,0,0,0,0,0
A22,701410.35,5180402.05,1,701459.64,5180315.04,1,0,0,4,1,0,0,0,0,0,0,0
A22,701459.64,5180315.04,1,701507.38,5180227.19,1,0,0,4,1,0,0,0,0,0,0,0
A22,701507.38,5180227.19,1,701548.21,5180135.98,1,0,0,4,1,0,0,0,0,0,0,0
A22,701548.21,5180135.98,1,701578.5,5180040.74,1,0,0,4,1,0,0,0,0,0,0,0
A22,701578.5,5180040.74,1,701598.06,5179942.73,1,0,0,4,1,0,0,0,0,0,0,0
A22,701598.06,5179942.73,1,701606.53,5179843.13,1,0,0,4,1,0,0,0,0,0,0,0
A22,701606.53,5179843.13,1,701609.92,5179743.19,1,0,0,4,1,0,0,0,0,0,0,0
A22,701609.92,5179743.19,1,701613.32,5179643.25,1,0,0,4,1,0,0,0,0,0,0,0
A22,701613.32,5179643.25,1,701616.72,5179543.31,1,0,0,4,1,0,0,0,0,0,0,0
A22,701616.72,5179543.31,1,701620.1,5179443.37,1,0,0,4,1,0,0,0,0,0,0,0
A22,701620.1,5179443.37,1,701624.89,5179343.49,1,0,0,4,1,0,0,0,0,0,0,0
A22,701624.89,5179343.49,1,701635.53,5179244.08,1,0,0,4,1,0,0,0,0,0,0,0
A22,701635.53,5179244.08,1,701653.15,5179145.67,1,0,0,4,1,0,0,0,0,0,0,0
A22,701653.15,5179145.67,1,701677.43,5179048.69,1,0,0,4,1,0,0,0,0,0,0,0
A22,701677.43,5179048.69,1,701709.02,5178953.84,1,0,0,4,1,0,0,0,0,0,0,0
A22,701709.02,5178953.84,1,701746.98,5178861.37,1,0,0,4,1,0,0,0,0,0,0,0
A22,701746.98,5178861.37,1,701790.29,5178771.25,1,0,0,4,1,0,0,0,0,0,0,0
A22,701790.29,5178771.25,1,701834.61,5178681.61,1,0,0,4,1,0,0,0,0,0,0,0
A22,701834.61,5178681.61,1,701878.79,5178591.9,1,0,0,4,1,0,0,0,0,0,0,0
A22,701878.79,5178591.9,1,701922.97,5178502.18,1,0,0,4,1,0,0,0,0,0,0,0
A22,701922.97,5178502.18,1,701967.15,5178412.47,1,0,0,4,1,0,0,0,0,0,0,0
A22,701967.15,5178412.47,1,702011.34,5178322.77,1,0,0,4,1,0,0,0,0,0,0,0
A22,702011.34,5178322.77,1,702052.36,5178231.6,1,0,0,4,1,0,0,0,0,0,0,0
A22,702052.36,5178231.6,1,702087.25,5178137.89,1,0,0,4,1,0,0,0,0,0,0,0
A22,702087.25,5178137.89,1,702122.65,5178044.37,1,0,0,4,1,0,0,0,0,0,0,0
A22,702122.65,5178044.37,1,702158.04,5177950.84,1,0,0,4,1,0,0,0,0,0,0,0
A22,702158.04,5177950.84,1,702192.38,5177856.93,1,0,0,4,1,0,0,0,0,0,0,0
A22,702192.38,5177856.93,1,702218.53,5177760.48,1,0,0,4,1,0,0,0,0,0,0,0
A22,702218.53,5177760.48,1,702221.41,5177660.84,1,0,0,4,1,0,0,0,0,0,0,0
A22,702221.41,5177660.84,1,702211.93,5177561.3,1,0,0,4,1,0,0,0,0,0,0,0
A22,702211.93,5177561.3,1,702210.76,5177461.45,1,0,0,4,1,0,0,0,0,0,0,0
A22,702210.76,5177461.45,1,702226.43,5177362.76,1,0,0,4,1,0,0,0,0,0,0,0
A22,702226.43,5177362.76,1,702248.21,5177265.17,1,0,0,4,1,0,0,0,0,0,0,0
A22,702248.21,5177265.17,1,702269.14,5177167.38,1,0,0,4,1,0,0,0,0,0,0,0
A22,702269.14,5177167.38,1,702291.89,5177070.02,1,0,0,4,1,0,0,0,0,0,0,0
A22,702291.89,5177070.02,1,702311.16,5176971.91,1,0,0,4,1,0,0,0,0,0,0,0
A22,702311.16,5176971.91,1,702329.21,5176873.56,1,0,0,4,1,0,0,0,0,0,0,0
A22,702329.21,5176873.56,1,702343.04,5176774.55,1,0,0,4,1,0,0,0,0,0,0,0
A22,702343.04,5176774.55,1,702349.2,5176674.74,1,0,0,4,1,0,0,0,0,0,0,0
A22,702349.2,5176674.74,1,702355.31,5176574.93,1,0,0,4,1,0,0,0,0,0,0,0
A22,702355.31,5176574.93,1,702361.51,5176475.12,1,0,0,4,1,0,0,0,0,0,0,0
A22,702361.51,5176475.12,1,702372.54,5176375.77,1,0,0,4,1,0,0,0,0,0,0,0
A22,702372.54,5176375.77,1,702395.29,5176278.47,1,0,0,4,1,0,0,0,0,0,0,0
A22,702395.29,5176278.47,1,702424.95,5176182.97,1,0,0,4,1,0,0,0,0,0,0,0
A22,702424.95,5176182.97,1,702448.77,5176085.94,1,0,0,4,1,0,0,0,0,0,0,0
A22,702448.77,5176085.94,1,702454.43,5175986.3,1,0,0,4,1,0,0,0,0,0,0,0
A22,702454.43,5175986.3,1,702440.27,5175887.45,1,0,0,4,1,0,0,0,0,0,0,0
A22,702440.27,5175887.45,1,702418.05,5175789.96,1,0,0,4,1,0,0,0,0,0,0,0
A22,702418.05,5175789.96,1,702399.95,5175691.7,1,0,0,4,1,0,0,0,0,0,0,0
A22,702399.95,5175691.7,1,702386.48,5175592.66,1,0,0,4,1,0,0,0,0,0,0,0
A22,702386.48,5175592.66,1,702366.94,5175494.62,1,0,0,4,1,0,0,0,0,0,0,0
A22,702366.94,5175494.62,1,702335.48,5175399.79,1,0,0,4,1,0,0,0,0,0,0,0
A22,702335.48,5175399.79,1,702296.0,5175307.92,1,0,0,4,1,0,0,0,0,0,0,0
A22,702296.0,5175307.92,1,702255.93,5175216.3,1,0,0,4,1,0,0,0,0,0,0,0
A22,702255.93,5175216.3,1,702215.86,5175124.68,1,0,0,4,1,0,0,0,0,0,0,0
A22,702215.86,5175124.68,1,702175.79,5175033.06,1,0,0,4,1,0,0,0,0,0,0,0
A22,702175.79,5175033.06,1,702135.72,5174941.44,1,0,0,4,1,0,0,0,0,0,0,0
A22,702135.72,5174941.44,1,702095.65,5174849.82,1,0,0,4,1,0,0,0,0,0,0,0
A22,702095.65,5174849.82,1,702055.58,5174758.2,1,0,0,4,1,0,0,0,0,0,0,0
A22,702055.58,5174758.2,1,702015.51,5174666.57,1,0,0,4,1,0,0,0,0,0,0,0
A22,702015.51,5174666.57,1,701975.44,5174574.95,1,0,0,4,1,0,0,0,0,0,0,0
A22,701975.44,5174574.95,1,701935.37,5174483.33,1,0,0,4,1,0,0,0,0,0,0,0
A22,701935.37,5174483.33,1,701895.3,5174391.71,1,0,0,4,1,0,0,0,0,0,0,0
A22,701895.3,5174391.71,1,701855.12,5174300.14,1,0,0,4,1,0,0,0,0,0,0,0
A22,701855.12,5174300.14,1,701806.13,5174213.07,1,0,0,4,1,0,0,0,0,0,0,0
A22,701806.13,5174213.07,1,701742.79,5174135.85,1,0,0,4,1,0,0,0,0,0,0,0
A22,701742.79,5174135.85,1,701667.83,5174069.91,1,0,0,4,1,0,0,0,0,0,0,0
A22,701667.83,5174069.91,1,701587.84,5174009.89,1,0,0,4,1,0,0,0,0,0,0,0
A22,701587.84,5174009.89,1,701507.54,5173950.29,1,0,0,4,1,0,0,0,0,0,0,0
A22,701507.54,5173950.29,1,701427.24,5173890.69,1,0,0,4,1,0,0,0,0,0,0,0
A22,701427.24,5173890.69,1,701346.94,5173831.09,1,0,0,4,1,0,0,0,0,0,0,0
A22,701346.94,5173831.09,1,701266.64,5173771.5,1,0,0,4,1,0,0,0,0,0,0,0
A22,701266.64,5173771.5,1,701186.34,5173711.9,1,0,0,4,1,0,0,0,0,0,0,0
A22,701186.34,5173711.9,1,701106.04,5173652.3,1,0,0,4,1,0,0,0,0,0,0,0
A22,701106.04,5173652.3,1,701025.74,5173592.7,1,0,0,4,1,0,0,0,0,0,0,0
A22,701025.74,5173592.7,1,700945.44,5173533.1,1,0,0,4,1,0,0,0,0,0,0,0
A22,700945.44,5173533.1,1,700865.28,5173473.33,1,0,0,4,1,0,0,0,0,0,0,0
A22,700865.28,5173473.33,1,700787.72,5173410.23,1,0,0,4,1,0,0,0,0,0,0,0
